Texto Raster/interpolacion1texto.txt
north: 11
south: 10
east: -84
west: -85
rows: 100
cols: 100
[rows 38 to 56 of 100, columns 0 to 42 of 100]
4.8854444653193161 4.8938684224903328 4.9020925264385644 4.9101007329381554 4.917876483434827 4.9254026470791024 4.9326614508044822 4.9396344045714606 4.9463022359488615 4.9526448582418681 4.958641409570113 4.9642704159458226 4.9695101471934304 4.974339245722657 4.978737706895898 4.9826882655462432 4.9861781854429834 4.9892013516321514 4.9917604367218198 4.9938687773413619 4.9955514995235752 4.9968454169492933 4.9977973132656226 4.9984603763549513 4.9988886915005946 4.9991297156357506 4.9992144805821406 4.9991449333058338 4.9988774344053137 4.9983011701052611 4.9975288166475575 4.9957758344863938 4.9927721082099286 4.9878256234665974 4.9799700705448453 4.967902250100229 4.9499207927297579 4.9238776193147427 4.8871629341603828 4.8367573099025032 4.7693972155033721 4.6819043804984304 4.5717095666222081
4.8886922471869108 4.8970753510460758 4.9052492789338507 4.9131978636865057 4.9209045529539823 4.9283523696358973 4.9355238559682943 4.9424010049361504 4.9489651889364685 4.9551971052596659 4.9610767717050495 4.9665836235661533 4.9716967838818036 4.9763955980998631 4.9806605339597327 4.984474534653824 4.9878248623865566 4.9907053673210902 4.9931189640157676 4.9950799199223974 4.9966154148865458 4.9977657885350064 4.9985830007624532 4.999127063316597 4.999460441586689 4.9996405136152502 4.9997099967911875 4.9996848370516167 4.9995385768008935 4.9991819285578831 4.9984363847632087 4.9973564756946818 4.9950357023915588 4.9910463768922195 4.9845149292392916 4.9742641276196702 4.9587600595980721 4.9360688039303229 4.9038390428623826 4.85933793858859 4.7995794026365663 4.721589583680994 4.6228419464615564
4.8914773822091666 4.8998144969708939 4.9079332170763621 4.9158172717665849 4.9234501505193782 4.9308150897390748 4.9378950407855022 4.9446726194196584 4.9511300416127195 4.9572490589720495 4.9630109199956385 4.9683964019148208 4.9733859818659889 4.9779602428542473 4.9821006321952188 4.9857906940876093 4.9890178632189057 4.9917758103209673 4.9940671613425227 4.9959061875269262 4.9973208489790739 4.9983534731125259 4.9990594544626177 4.9995036751091302 4.9997547232165855 4.9998771908510626 4.9999221704433463 4.9999155542768801 4.9998431268539809 4.999631104517797 4.9991210160503572 4.9980386485399411 4.9964571318321793 4.9931593296399042 4.9876074397605219 4.9787352853832143 4.965160584912903 4.945147443221825 4.9165883400765855 4.8770280391153662 4.8237627023501544 4.7540538901768592 4.6654895310041047
4.8938223081145509 4.9021106385780246 4.9101715809461037 4.9179887618770648 4.9255457225416848 4.9328259386878193 4.9398128225180615 4.9464897032706014 4.9528397864885063 4.9588460981140221 4.9644914302807335 4.9697583226929973 4.9746291380257901 4.9790863212920771 4.9831129668584264 4.9866938405047563 4.9898169950681854 4.9924760451788623 4.9946729999219572 4.9964212900672091 4.9977483275667423 4.9986967318386917 4.9993234085912315 4.9996960385875342 4.999887081215598 4.9999657821928487 4.9999885726248143 4.9999876204767268 4.9999564947461757 4.9998314908387824 4.9994675780115072 4.9986091455862418 4.9968571382482025 4.9944588376690824 4.9895967040434934 4.9817347379966881 4.9696291284365941 4.9517266206239983 4.9261459410060127 4.8906920411858383 4.8429320763813504 4.7803684311486636 4.7007395462910173
4.8957486209349783 4.9039876746104261 4.9119906976471448 4.9197411954181094 4.9272227413064567 4.9344190352530273 4.941313947616691 4.9478915430048387 4.9541360799839378 4.9600319861366531 4.9655638153435611 4.9707162075191951 4.9754738926753133 4.9798218128005756 4.9837454754842421 4.9872316945887079 4.9902698956767759 4.9928541315328427 4.9949858192219088 4.9966769413724359 4.9979530788387896 4.9988552969803317 4.9994398239411 4.9997748183173147 4.9999342414555716 4.9999894964672098 4.9999995460520656 4.9999995089525857 4.9999867045656821 4.9999025927613774 4.9996096844677149 4.9988641863536678 4.9972868710415783 4.994335008924141 4.9907389787570997 4.983584431516288 4.9725731027399567 4.9563200440966853 4.9331506141792287 4.9011063148471612 4.8580024253971885 4.8015690260855806 4.7297042570256123
4.8972767702078386 4.9054683164278936 4.9134156804695444 4.9211022109822551 4.9285114668041583 4.9356273159491044 4.9424340260340882 4.9489163398716016 4.9550595296679374 4.9608494243582308 4.966272408342606 4.9713153982339611 4.9759658199336423 4.980211634616702 4.9840415013518671 4.9874452142502301 4.9904146010579398 4.9929450871633732 4.9950380596921899 4.9967039452900641 4.9979655144814927 4.9988604378565817 4.9994418104677765 4.9997755636587611 4.9999344862922799 4.9999895450306484 4.9999995486925162 4.999999512474866 4.9999868203134925 4.9999036245181641 4.9996148050171323 4.9988830074754871 4.9973441348617333 4.9944861713194317 4.9896311129109536 4.9845276878186784 4.97432112244711 4.9593620114393504 4.9381600767078746 4.9089645751743083 4.8698079823568738 4.8186227779255493 4.753457915431671
4.8984257286316479 4.9065737446963098 4.9144700805316246 4.9220978833708511 4.9294406318239954 4.9364822734792293 4.9432073616604759 4.9496011854221909 4.9556498856306863 4.9613405492764819 4.9666612747943732 4.9716012045661087 4.9761505292703241 4.9803004857318482 4.9840433995765734 4.9873728695387278 4.9902842493313342 4.9927756384913922 4.9948496011698049 4.9965157137445191 4.9977937131522916 4.9987164727250111 4.9993314744158877 4.9996993090071404 4.9998883870892517 4.9999662583375226 4.9999887700003436 4.9999878838241729 4.9999576244489727 4.9998368616373687 4.9994887636332752 4.9986793159841874 4.9970587379724973 4.9941475555597794 4.9893244860195081 4.9818104976695681 4.9751546546172767 4.9612381679651651 4.9416766930688523 4.9148943278958832 4.8791052936327253 4.8324129658974311 4.7729981852993344
4.8992126318239801 4.9073232220732317 4.9151754760965538 4.9227522969354771 4.9300370123355135 4.9370135455498181 4.9436665931644521 4.9499818052726834 4.9559459617888351 4.9615471371275559 4.966774844248782 4.9716201489360978 4.9760757475536614 4.9801360088587465 4.983796996530069 4.9870565188684814 4.9899142998980537 4.9923724296439778 4.9944363097662388 4.9961163067068703 4.9974301569112214 4.9984057359942708 4.9990831422488666 4.9995145010392532 4.9997600542748435 4.999880200449824 4.9999244601030517 4.9999185927588918 4.9998500796163787 4.9996514859011469 4.9991824579810791 4.9982133886416822 4.9964137220336617 4.9933437406872958 4.9884439714810664 4.9810163820484599 4.9701968274189303 4.9623215773243725 4.9441752465827822 4.9194743638841594 4.8865791644156626 4.8437317668494213 4.7892225921392599
4.8996523895524451 4.9077336608144417 4.91555099422526 4.9230870207789232 4.9303248591206064 4.9372483116738213 4.9438420744225526 4.9500919571773618 4.9559851097591805 4.9615102478903861 4.9666578707763405 4.9714204606415739 4.9757926534214985 4.9797713705528173 4.98335590647208 4.9865479785333626 4.9893517705321315 4.991774042653236 4.9938244382133608 4.9955161700224053 4.9968672543904873 4.9979022657357834 4.9986541025817388 4.9991645653884342 4.9994821038535813 4.9996555213040512 4.9997237169931781 4.9997026429073745 4.999570685411741 4.9992535028263871 4.9986102058869557 4.997423316492009 4.9953923114017229 4.992125834868169 4.9871263086185316 4.9797648796357894 4.9692503810827011 4.9545993714570997 4.9461199624082122 4.9232412277702018 4.892840857540202 4.8532712461417615 4.8029111807674054
4.8997572768971773 4.907819153951511 4.9156127726830725 4.9231204912375865 4.9303251903993122 4.9372104864925532 4.943760962509459 4.9499624154747739 4.9558021169331328 4.9612690820579557 4.9663543412145605 4.9710512058846055 4.9753555187849665 4.9792658760912634 4.9827838085680591 4.9859139094227025 4.988663902135519 4.9910446548002732 4.9930701721786557 4.994757631997464 4.9961275616184162 4.9972042239542143 4.9980161014138424 4.9985959459536868 4.9989792944903764 4.9992000727018331 4.9992824689224529 4.9992295799672286 4.9990106010593118 4.9985489427720697 4.9977132451279216 4.9963109439205988 4.9940804672655021 4.9906770489837564 4.9856503984237284 4.9784166802607075 4.9682291789451831 4.9541524690600651 4.9350461090703428 4.9266731129410051 4.8984107725043593 4.8616068007564408 4.8147099197776422
4.8995365212148103 4.9075904893052291 4.9153733852150348 4.9228673287939708 4.9300549761494592 4.9369197419770137 4.943446042622317 4.9496195585031684 4.9554275135591244 4.9608589682062059 4.9659051208166538 4.9705596109826002 4.9748188157283915 4.9786821274034283 4.9821521992636733 4.9852351418934031 4.9879406509808799 4.9902820451769587 4.992276192711512 4.9939433076400412 4.9953065990323537 4.9963917492322203 4.9972261544570813 4.9978377388658259 4.9982529270598937 4.9984931269970003 4.9985691382407831 4.9984735599548316 4.9981722566406948 4.9975961670229454 4.9966333348194381 4.995118992244806 4.9928212199125923 4.9894215644602182 4.9844918140634311 4.9774686740886249 4.9676283263827186 4.9540639502491723 4.9356715349043023 4.9111525695242291 4.9036857863998584 4.8691739753159409 4.8251146037752575
4.8989959071325551 4.9070546750857513 4.914841267499936 4.9223376378779911 4.9295262769017469 4.9363904392581075 4.9429143923164398 4.9490836854783389 4.9548854380903702 4.9603086426526817 4.9653444786296319 4.9699866304231222 4.9742316009450542 4.9780790096496528 4.9815318607688992 4.984596763722867 4.9872840831059149 4.9896079900848891 4.9915863802068063 4.9932406140652557 4.9945950262985654 4.9956761338301057 4.9965114545788785 4.9971278223061857 4.9975490554858935 4.997792820999293 4.9978665419221961 4.9977622102765045 4.9974498934317673 4.9968695355912365 4.9959205388974111 4.9944487335337957 4.9922305515444503 4.9889543364272546 4.984198910807633 4.9774100317833812 4.9678763254785743 4.95470783196442 4.9368225612283494 4.9129495378661154 4.8816604835177504 4.8762474615070355 4.8344601977840798
4.8981374256781045 4.9062145119694502 4.9140201908276344 4.9215363535021011 4.9287454245375386 4.9356305905742257 4.942176051567988 4.9483672933170233 4.9541913792459447 4.9596372582277448 4.9646960837782306 4.9693615381826008 4.9736301529472593 4.9775016143339519 4.9809790395328601 4.9840692051460174 4.9867827049305582 4.9891340079948767 4.9911413815830583 4.9928266338472831 4.9942146210382843 4.9953324495451312 4.9962082853138599 4.9968696614859738 4.9973411535630348 4.9976412796770964 4.9977784838885233 4.9977460317345068 4.9975155216928195 4.9970285556062217 4.9961861260050444 4.9948354711632517 4.9927542710796651 4.9896320870592676 4.985049137342231 4.9784530444155575 4.9691351736102423 4.9562097220293735 4.9386009670031079 4.9150471232747872 4.8841328793953327 4.8443660601540159 4.8429229485570424
4.8969589939449119 4.9050682475293659 4.9129088328342956 4.9204627033664332 4.9277123416819375 4.9346409888115605 4.9412328964824113 4.9474736010760338 4.9533502173117823 4.9588517484455181 4.9639694082721357 4.9686969483444257 4.9730309814727764 4.9769712896113898 4.9805211004639922 4.9836873122554737 4.9864806396865138 4.9889156455762631 4.9910106116910571 4.9927871893814091 4.9942697601084101 4.9954844406465213 4.9964577141209325 4.9972147815073615 4.997777856123907 4.998164506472345 4.9983854409977786 4.9984401233078755 4.9983086486898927 4.9979400113615418 4.9972384912728192 4.9960495508071787 4.9941449969540956 4.9912060920957444 4.9868036325169918 4.9803752978551019 4.9712021295875948 4.9583877173220499 4.9408458803071911 4.9173055919879571 4.8863454612169361 4.8464734012830784 4.7962682509310897
4.8954542679906989 4.9036093439602215 4.9115004880470448 4.9191098453241295 4.9264200847785027 4.9334146272622839 4.9400778959720695 4.9463955881802892 4.9523549658239467 4.9579451610797651 4.9631574910974141 4.9679857734450872 4.9724266302834632 4.9764797644579915 4.9801481841132373 4.9834383436253393 4.9863601576189094 4.9889268333463725 4.9911544613807202 4.9930613227033618 4.9946669462872917 4.9959911291579688 4.9970534014630452 4.9978735621954504 4.9984733868643101 4.9988780323849813 4.9991140116607129 4.9992011055536665 4.999138553118355 4.9988883649371285 4.9983586281946399 4.9973883258105145 4.9957335636096163 4.9930534487155454 4.9888932582230998 4.9826638574206257 4.9736188772641841 4.9608338183813308 4.9431938140862668 4.9193996994324181 4.8880054442688543 4.8475031395830648 4.7964725177413277
4.8936125644484916 4.9018263798245068 4.9097829463760121 4.9174647189613765 4.9248546650274552 4.9319364865325941 4.9386948623941693 4.9451157092183493 4.9511864564258765 4.9568963296103847 4.9622366328078007 4.967201015987186 4.9717857081013834 4.9759896881201184 4.9798147566966131 4.9832654609712801 4.986348819511238 4.9890738060952255 4.9914506055724415 4.9934897921757626 4.9952018319261517 4.9965976161642223 4.9976907927148693 4.9985019097354826 4.9990625540177032 4.9994158687522372 4.9996103500725022 4.9996870323958271 4.9996628792675955 4.9995128353244347 4.9991514278170257 4.9984147094019553 4.9970438536392265 4.9946706263502652 4.9908027925907037 4.9848069602655647 4.9758885972069598 4.9630727671293178 4.945193017317866 4.920899463491299 4.8887006187558635 4.8470563447813797 4.7945393925784678
4.8914188969099213 4.8997030930549625 4.9077385481286662 4.9155081213200438 4.9229951586369785 4.9301837011015266 4.9370587085989071 4.9436062950838551 4.9498139682937827 4.9556708635851345 4.9611679567060758 4.9662982339936868 4.9710567906516641 4.9754408192516424 4.979449444213186 4.9830833607253435 4.9863442628700199 4.9892341206985673 4.9917545219353707 4.9939065442778494 4.9956918929463132 4.99711605582596 4.9981935391926164 4.9989536225046294 4.9994433117699506 4.9997241430047765 4.9998620976184771 4.9999130060229842 4.9999062492123514 4.9998273867644194 4.9995987777663569 4.9990582884612182 4.9979382028587613 4.9958466190877608 4.9922513910347677 4.9864645240319376 4.9776255132490315 4.9646856964147243 4.9464006956095137 4.9213430013509623 4.8879510476049122 4.8446339193452577 4.7899499484676573
4.8888541233491196 4.8972185585160162 4.9053444040624621 4.9132149875740909 4.9208140747794129 4.9281260538148883 4.9351361268944158 4.9418305020684148 4.9481965741897911 4.9542230795130653 4.9599002024828858 4.9652196065675174 4.9701743547794157 4.974758683142551 4.9789675989152915 4.9827963079250077 4.9862395520678504 4.9892910812463533 4.9919436973146025 4.9941905269675422 4.9960282090081778 4.9974621919920725 4.9985131140160259 4.9992216814783426 4.9996488343955061 4.9998694286680827 4.9999604949828074 4.9999868483540117 4.9999858126601318 4.999950406982232 4.9998092265428822 4.9994025981771246 4.9984570387667633 4.9965611945446531 4.9931451863155605 4.9874630049152202 4.978576931432622 4.9653454199034774 4.9464209266635359 4.9202701820196246 4.8852347985490363 4.839653199461079 4.7820628440585056
4.8858951925494667 4.8943474819074027 4.9025727528811611 4.9105548347715819 4.9182779174632012 4.9257267007651064 4.9328865399983872 4.9397435771613205 4.94628484280243 4.9524983087436345 4.958372866558701 4.9638982026844864 4.9690645414193577 4.9738622379681452 4.9782812354575023 4.9823104671431198 4.9859374026755727 4.9891481058663185 4.9919283468929976 4.994266365931999 4.9961575993512897 4.9976108632983953 4.9986542704642885 4.999338232872371 4.9997332491069297 4.999922019322625 4.9999875455112637 4.9999994622023305 4.9999994191029016 4.9999843050149329 4.9998853473322367 4.9995423410001658 4.9986745361793758 4.9968513215149795 4.9934656446372765 4.9877116318450945 4.9785670342057973 4.9647827782684724 4.9448864489162752 4.9172128772951416 4.8799811573287402 4.8314406650974115 4.7701051293752599
