Texto Raster/interpolacion1texto.txt
north: 11
south: 10
east: -84
west: -85
rows: 100
cols: 100
[rows 38 to 56 of 100, columns 43 to 85 of 100]
4.4375410079600845 4.2801446272006451 4.1027926479638488 3.9113002528411873 3.7133881356232448 3.5174936726687824 3.3314006254899464 3.1611409195005025 3.0104646561881325 2.8809002791400022 2.7722159484809765 2.6830325493845573 2.6113960374600573 2.5552131584537694 2.5125327888318134 2.4597322029000765 2.4398500509329164 2.4295193735112703 2.4280563375878508 2.435044741809504 2.4502516061515682 2.4735273259677069 2.5046946446032461 2.5434358889431277 2.5361121009422596 2.5832779185819201 2.6349022974630727 2.6896221425054798 2.7459319684044798 2.8023158113986506 2.8573787578814467 2.9099504621797996 2.9591446995500208 3.0043731827454554 3.045322748465626 3.0819099441946536 3.1142266431238137 3.1424868726007689 3.1669808336265417 3.1880385344760809 3.2060030773417632 3.2212123586801895 3.2339874683236984
4.5018493875161338 4.358818007501835 4.1961688178995651 4.0186809599363693 3.8330768941965925 3.6470732908712216 3.4681658702792841 3.3025425253900678 3.1544388106359329 3.0260291218259043 2.9177369290975399 2.8287524272865605 2.7575668806724103 2.7024096399436939 2.6615489293254657 2.6061481020437749 2.5898295137964684 2.5841929815933282 2.5884928843114996 2.6021718614210987 2.6247584731855249 2.6557532217412518 2.6945172129805943 2.7401825381347931 2.7313585266361482 2.783481089444348 2.838043046741948 2.8934033814003626 2.9479853979068964 3.0004062169373218 3.0495685451731513 3.0947020714628404 3.1353572142918309 3.1713643109217173 3.2027746961837664 3.2297979878264709 3.2527451842246178 3.2719823531413867 3.2878960480773776 3.3008694203310776 3.3112670356368166 3.3194262280867233 3.3256530563706721
4.5564903875024063 4.4268944131397445 4.2784662154416466 4.1151200580532601 3.9426760052630079 3.7681199173983839 3.5985512752066273 3.4401486147442792 3.2974611743044964 3.173168267408331 3.0682525893671211 2.9824177653347825 2.914570274923284 2.8632413628300508 2.8268928005393614 2.7722349878983161 2.7618722124880657 2.7630473540792044 2.7748241299890308 2.7963453308814081 2.8267276881037517 2.8649605303473615 2.9098309420260495 2.8990107860460177 2.9508045124730677 3.0042182153829189 3.0575157122709009 3.1091124337766236 3.1576935935127959 3.2022856369147537 3.2422734799881949 3.2773715255881934 3.3075652048288817 3.3330409213810595 3.3541182799819929 3.3711927264739558 3.3846916414052761 3.3950435283793019 3.4026582096385041 3.4079154163765706 3.411159319751377 3.4126969979380029 3.4127993393816882
4.6024539755195759 4.4851101550672379 4.3499814339559855 4.2002864380246931 4.0410720920426142 3.878646292371934 3.7196782707233291 3.5702356006428078 3.4350478559713378 3.3171677187693289 3.2180264915131036 3.1377548553144692 3.0756050434710565 3.0303458937886694 3.0005618473544402 2.9500813939112609 2.9472482895096759 2.9563208006608277 2.9760224153317569 3.0050482818613804 3.0419870392752535 3.0852687014464566 3.0733474311342373 3.1240367850345976 3.1755053030066618 3.2259655743250972 3.2738710293023914 3.3180140567945506 3.3575710525421227 3.3920930082210456 3.4214546318184085 3.4457813460058904 3.4653721910071442 3.4806310155198346 3.4920119514832009 3.4999802194839083 3.5049864316841117 3.5074514206772882 3.5077585823318449 3.5062512030366251 3.5032328685896585 3.4989696286594407 3.493693045792917
4.640849335068685 4.5344521996278946 4.4114243072862198 4.2744375468971985 4.1278997290394512 3.9775249341980095 3.8295667133574596 3.6899301021605404 3.563428509168622 3.4533723427249781 3.3615257088242121 3.2883383927599881 3.2333073250722739 3.1953393210785981 3.1730376561470348 3.1294520706821274 3.1343456971616215 3.1508575163007198 3.1772677616238592 3.2117707112831297 3.2524545320746729 3.239536894675354 3.2883688975750878 3.3373022588470671 3.3845321899249496 3.4285754418274901 3.4683428001012766 3.5031556418480263 3.5327110571143923 3.5570124937479592 3.5762866126421287 3.5909034953632895 3.6013104560486058 3.6079830533743822 3.611392334492892 3.6119851198581139 3.6101736473922368 3.6063313507170793 3.6007923395761883 3.593852929244338 3.5857741830381462 3.5767848631080881 3.56708445927582
4.6728068216310792 4.5760241968395325 4.4637553270418495 4.3382469531612085 4.2033897484354901 4.0643960926569243 3.9271434721687126 3.7973552575728431 3.6798605195397696 3.5781278158704981 3.4941396821178872 3.4285465893039042 3.3809726496071266 3.3503480493097202 3.3351857895625447 3.2999132826795106 3.311287956731976 3.3333263266525406 3.363871056830444 3.4007055293220172 3.385710824407365 3.4319150059105068 3.4778467381907583 3.521697552390167 3.5620480024258017 3.597913347276426 3.6287331707907615 3.6543142593592282 3.6747464264152412 3.6903124682537465 3.7014082050620427 3.7084807946526266 3.7119867034035954 3.7123664935834602 3.7100319253395 3.7053609644526042 3.6986972272570173 3.690351523905929 3.6806041300471368 3.6697071067221807 3.657886411414081 3.6453437644761952 3.6322583261108918
4.6994101179453533 4.6109447159489054 4.5080493410005689 4.3926403637503437 4.2681943586822211 4.139508683547934 4.0121331678287007 3.8916086069612921 3.7827315906792141 3.6890447249829434 3.6126431684062821 3.5542634349359927 3.5135437392696138 3.4893353199814174 3.4490492007467042 3.4530253056008009 3.4686559147670661 3.493507730414676 3.5251084564391286 3.561031782690788 3.5487417071500054 3.5912877810995769 3.6317205602454035 3.6686590060246336 3.7011895138662076 3.7288328404543689 3.7514685715296681 3.7692384516501019 3.7824499846492259 3.7914955410175293 3.7967939097644958 3.7987542096588029 3.7977578712997628 3.7941529465133601 3.7882554185843973 3.7803534952953886 3.770712340630249 3.7595779424365805 3.7471796827600019 3.7337316892733963 3.7194332821287235 3.7044688857209573 3.6890077304105904
4.7216516528864982 4.6402758434964184 4.5453923958281388 4.4386594187084842 4.323223016848849 4.2035413513929374 4.0848851664602144 3.9726214261436494 3.8714810675682441 3.7850129598883782 3.7153353424496123 3.6631741965395723 3.6280928096525651 3.608795903820837 3.5765566165721077 3.5837032002941069 3.6010998614014103 3.6260804124721426 3.6560439808667997 3.6386794780570808 3.6775609433303242 3.7146078853707749 3.7484262230489258 3.7781221109539849 3.8032523335532518 3.8237346264633225 3.8397399953166844 3.8515886297035831 3.8596646822682872 3.8643567713055873 3.8660238115222385 3.8649812727557071 3.8615012666538373 3.8558201841513777 3.8481489917757319 3.8386829764602535 3.8276092414775178 3.8151113950212863 3.8013716048884247 3.7865705760720823 3.7708861355978818 3.7544910738306485 3.7375507709389244
4.7404032700819885 4.6649760502556648 4.5768100217983347 4.4773595790375742 4.3695073025448288 4.2574366557550345 4.1461848832677326 4.0409595607707569 3.9464054558208441 3.8660275402542812 3.8018995808042395 3.7546679226232635 3.7237666626178654 3.7077292159107365 3.6821438218896043 3.6903862773084457 3.7074045029062024 3.7304544009166993 3.7051564590699937 3.7402077067219808 3.7739760396794857 3.8049802909950587 3.8322773374660755 3.8554032678008019 3.8742743284894092 3.8890699845333518 3.9001198685800094 3.9078104592160479 3.9125192143723733 3.9145765584792662 3.9142512194575221 3.9117521896672081 3.9072404538687824 3.9008447378915605 3.8926771437610239 3.8828461526229607 3.8714658297539493 3.8586610574315663 3.8445692539562781 3.8293393652349632 3.8131290138434522 3.7961006353496884 3.7784172894122863
4.7563961391227423 4.685870886725275 4.6032214507586335 4.5097402147201597 4.4081002614684657 4.3022653708078602 4.1970816310977277 4.0976158388331374 4.0084173347134602 3.9329145976699293 3.8730928259966908 3.8294788225166978 3.8013572354770515 3.7871012186737327 3.7665711489693727 3.7742915211378723 3.7894446007532983 3.7529231477631493 3.7840345214104776 3.8146796746988767 3.8432006923776085 3.8685211917601472 3.8900864338660894 3.907759999684457 3.9216998982637792 3.9322362756272802 3.9397674588201252 3.9446834341592556 3.9473186268850697 3.9479306341620872 3.9466987913864156 3.9437357336462107 3.9391057416648283 3.9328449607690144 3.924980065346678 3.9155433214129109 3.9045831373977054 3.8921700427122956 3.8783986017490526 3.8633860917136245 3.8472688935705603 3.8301975190096407 3.8123310742712686
4.7702075566782041 4.7036369702775254 4.6254138386419106 4.5367013469871704 4.440007866722099 4.3391254642765524 4.2387488475663888 4.1438258758706903 4.058810563843803 3.9870375261007278 3.9303797422765374 3.8892287848945277 3.8627245968931065 3.8491120195127841 3.8321539369541635 3.8383087530326496 3.7866104831132663 3.8136158477325335 3.8412663738967554 3.8676301134601108 3.8914022203019254 3.9118541554324637 3.9287319098672207 3.9421278774088315 3.9523497894975543 3.9598048487040516 3.964909863053669 3.9680310184929679 3.9694514543076362 3.9693615555621506 3.9678656119302058 3.9649986215576702 3.9607479268758374 3.9550755879331425 3.9479386384327033 3.9393054822382156 3.9291676126280533 3.9175465562253518 3.9044964615329696 3.8901030819640439 3.8744800668788151 3.8577635005184758 3.8401055524310825
4.7822558392993875 4.7187971542278522 4.6440317900721624 4.5590209134034474 4.4661468535979365 4.3690730126717385 4.2723804155237675 4.1809217565742429 4.0990623192785032 4.0300364825169659 3.9755959464815711 3.9359972859304606 3.910253916692815 3.8860453303880385 3.8819307577312769 3.810138777158119 3.8326809642484605 3.8573331191737488 3.8817935892558828 3.9044259925813223 3.924232543001938 3.9407621889875779 3.9539820152769889 3.9641383075174201 3.9716279864023174 3.9768935620785606 3.9803473236750571 3.9823245950164803 3.9830621338458387 3.9826959863829043 3.9812728076775943 3.9787692285195644 3.9751148155026237 3.9702152284509253 3.9639731736765067 3.9563056231121525 3.9471565053299131 3.9365046761311588 3.9243674451095001 3.9108002700415612 3.8958934353655583 3.8797666135869591 3.8625621872697526
4.7928061780847786 4.7317263080172154 4.659578908979876 4.577347295994894 4.4873226685668506 4.3930792750904741 4.2991199135920359 4.2102259079226672 4.130683381522843 4.0636261533786664 4.0106837243025435 3.971985690573367 3.9464409547849479 3.9246767833774463 3.8266516508071069 3.8440505347795533 3.8654499993234666 3.8880995906407745 3.9099257026882106 3.9295529965557878 3.9462370209480082 3.9597422630112904 3.9701975242277223 3.9779540400060505 3.9834633035512663 3.9871831999083276 3.9895142936150609 3.9907635897799101 3.9911307183911098 3.9907107668144959 3.989508286021902 3.9874577952999877 3.9844470545140767 3.9803402752930324 3.9749992341351872 3.9683009271018927 3.960150985076909 3.950492565182508 3.9393108505671144 3.9266336201311764 3.9125285817413555 3.8970982917265578 3.880473514067194
4.7345957565560148 4.7426670914002029 4.6724288976179436 4.592203011554755 4.5042221132651354 4.4120077596834566 4.3200168508310099 4.2329808265078679 4.1551156530632758 4.0894558267045324 4.0375105949094046 3.9992925353342628 3.8375212703960417 3.8386777932591798 3.8498171099016072 3.8673345625167168 3.8879958893234763 3.9091953382748472 3.9290612700117258 3.9464389273127507 3.9607900043809874 3.9720486362880618 3.9804669136829567 3.9864733278966176 3.9905574988281272 3.9931860926775626 3.9947489177986011 3.9955308214861507 3.995703680147157 3.9953327766510416 3.9943925545271655 3.9927876737583121 3.9903762064762396 3.9869925948945064 3.9824686353082344 3.97665128147597 3.9694165159818473 3.9606789444385782 3.9503971309906469 3.938575005359898 3.9252599152222691 3.9105380583267526 3.894528100192979
4.7338069265583025 4.6590123298505368 4.5725471065950893 4.4761307350723678 4.3729124387928717 4.2673818467540912 4.1649487854409282 4.0712224320375743 3.991144405674552 3.9282094005505357 3.8839890471758016 3.8580656359244117 3.8483425269192884 3.8515960239076699 3.8641016088178293 3.8821949960839151 3.9026842359593146 3.9230853057618749 3.9416955714099453 3.9575434845035371 3.9702610548506101 3.9799223922052267 3.9868817931156766 3.9916328065891462 3.9946986394781261 3.9965559074828501 3.9975885422186517 3.9980661974186162 3.9981409444023308 3.9978565848374639 3.9971659002809572 3.9959522033136707 3.9940524594939859 3.9912799592822679 3.9874450591944162 3.9823729359398663 3.975917658359724 3.9679722133947695 3.9584744350598227 3.9474090714806662 3.9348064658893618 3.920738503412164 3.9053125734917629
4.7300766029672676 4.6532633429780832 4.5647133151634893 4.4663642954372547 4.3616242802201635 4.2552390141984651 4.1528162556124544 4.0600537863883455 3.9818440867363658 3.9214997054570402 3.880312420620819 3.8575400425948705 3.8507722328835881 3.8565281382774228 3.8709121271589546 3.8901859693846639 3.9111749004386946 3.9314839091023592 3.9495444789483818 3.9645365820376708 3.9762378265210949 3.9848461552800765 3.990810173732132 3.9946872392596124 3.9970374373654858 3.9983531548194513 3.9990192419369026 3.9992969517013819 3.9993248988391907 3.999131264769423 3.9986527334715443 3.9977568126761769 3.996265125556155 3.993975936789345 3.9906846568990888 3.9862014229419702 3.9803651456944991 3.9730536847169646 3.9641900788171802 3.9537450151109352 3.9417359468930147 3.9282234474118343 3.9133054967284533
4.7228689456715847 4.6431070271479609 4.5514878169385318 4.4502401547897579 4.3431090763313094 4.2351627129053178 4.1322455784142598 4.0401498006227454 3.9636988559671553 3.9059938969069146 3.8680236214214578 3.8487105860626776 3.8453282603638637 3.8541344606301431 3.8710478191605975 3.8922281526559641 3.9144798682937165 3.9354560166704236 3.9536855904168897 3.9684727979373782 3.9797247107471505 3.9877572473330583 3.9931152649945827 3.9964266989853066 3.9982974330659311 3.9992447240347802 3.9996624485121348 3.9998101046697383 3.9998180777678924 3.999703091186865 3.9993893163102805 3.9987319492720759 3.9975410637532867 3.9956042368757356 3.9927068995043613 3.9886496734924815 3.9832622015651848 3.9764131989401221 3.9680166799238319 3.9580345353852824 3.9464758417954053 3.9333934482500648 3.9188784967382668
4.7114902963339942 4.6278113070399982 4.5321230895921101 4.4270256087234454 4.3166809198804712 4.2065397783113809 4.1027099414848829 4.0110700802619155 3.9363462279861983 3.8813989242764659 3.8468982340200051 3.8314312139723858 3.8319601914227794 3.8444780016521061 3.864695732177208 3.8886308386960189 3.9130154882593091 3.9354994623135822 3.9546676572980677 3.9699218883706773 3.9812875035400586 3.9891997188023351 3.9943090678911557 3.9973272914253624 3.9989197948915876 3.9996408719627072 3.99990310726273 3.999971338714543 3.9999726373064424 3.9999156569681809 3.9997146236525798 3.9992147996225684 3.9982173838959509 3.9965025466933048 3.9938497534155921 3.9900548231622803 3.9849433758481845 3.9783805065403794 3.9702767110292361 3.9605902740749177 3.9493265073890655 3.9365343687339105 3.922301089371051
4.6950784426146024 4.6064445257339832 4.5056479251176897 4.3957460552712808 4.2813961839745991 4.1684806664070031 4.0633795869391598 3.9720339296096876 3.8990355585068541 3.8469783359894616 3.8162108228971285 3.8050009767314603 3.8100191790005646 3.8269962859697286 3.8514111035638274 3.8790870542139313 3.9066169138509523 3.9315804490222015 3.9525656153294353 3.9690398821848807 3.9811358865021296 3.9894134630896154 3.9946440007571242 3.9976421260303692 3.9991514517841771 3.9997791691685309 3.9999687109030737 3.9999988062059884 3.9999988654340717 3.9999731299570067 3.9998284289820503 3.9994022826843585 3.9984894072664692 3.9968655064337764 3.9943077213192635 3.9906113948340023 3.9856029909778727 3.9791491601101709 3.9711620882992995 3.9616014175941623 3.9504731636619872 3.9378261709089952 3.9237467177374259
