Texto Raster/interpolacion2texto.txt
north: 11
south: 10
east: -84
west: -85
rows: 100
cols: 100
[rows 0 to 27 of 100, columns 0 to 62 of 100]
3.725083 3.715031 3.70441 3.693192 3.681351 3.668858 3.655682 3.641794 3.627164 3.611761 3.595554 3.578511 3.560601 3.541792 3.522053 3.501353 3.47966 3.456945 3.433176 3.408326 3.382367 3.355271 3.327013 3.297568 3.266915 3.235032 3.201901 3.167506 3.131833 3.094872 3.056614 3.017056 2.976195 2.934037 2.890589 2.845863 2.799878 2.752658 2.704232 2.654638 2.60392 2.55213 2.499329 2.445587 2.390983 2.335607 2.279559 2.222952 2.165907 2.108561 2.051059 1.993562 1.936239 1.879273 1.822858 1.767199 1.712507 1.659006 1.606924 1.556495 1.507956 1.461546 1.417503
3.741849 3.732097 3.72177 3.71084 3.699278 3.687054 3.674136 3.660493 3.646093 3.630904 3.614892 3.598025 3.580268 3.561588 3.541952 3.521327 3.499679 3.476976 3.453186 3.428279 3.402223 3.374991 3.346555 3.316889 3.285969 3.253773 3.22028 3.185474 3.149339 3.111864 3.073039 3.032861 2.991328 2.948442 2.904214 2.858654 2.811782 2.763623 2.714208 2.663575 2.61177 2.558848 2.504873 2.449916 2.39406 2.3374 2.280039 2.222093 2.16369 2.104971 2.046088 1.987205 1.9285 1.870162 1.812391 1.755397 1.699402 1.644633 1.591328 1.539727 1.490075 1.442616 1.397596
3.759155 3.74973 3.739725 3.729111 3.717857 3.705931 3.693301 3.679934 3.665796 3.650851 3.635067 3.618407 3.600835 3.582317 3.562817 3.542298 3.520727 3.498068 3.474288 3.449354 3.423233 3.395895 3.36731 3.337451 3.306292 3.273809 3.239981 3.204789 3.168217 3.130252 3.090885 3.050111 3.007928 2.964339 2.919353 2.872983 2.825248 2.776174 2.725794 2.674148 2.621284 2.567259 2.512138 2.455999 2.398926 2.341017 2.282381 2.223138 2.163421 2.103376 2.04316 1.982944 1.922912 1.863259 1.804191 1.745926 1.688692 1.632724 1.578264 1.525561 1.474866 1.42643 1.380503
3.777004 3.767933 3.758279 3.74801 3.737094 3.725498 3.713188 3.700128 3.686284 3.671618 3.656094 3.639675 3.622323 3.604 3.584669 3.564291 3.54283 3.520249 3.496512 3.471583 3.445429 3.418016 3.389314 3.359292 3.327924 3.295183 3.261048 3.225498 3.188516 3.150089 3.110206 3.068862 3.026055 2.981789 2.936072 2.888917 2.840346 2.790386 2.73907 2.686441 2.632549 2.577453 2.521223 2.463937 2.405686 2.34657 2.286703 2.22621 2.165229 2.10391 2.042418 1.980929 1.919631 1.858728 1.798431 1.738966 1.680565 1.623471 1.567933 1.514206 1.462545 1.413209 1.366453
3.795395 3.786708 3.777435 3.767541 3.756995 3.745761 3.733803 3.721084 3.707568 3.693215 3.677987 3.661844 3.644747 3.626655 3.607529 3.587328 3.566014 3.543545 3.519886 3.494998 3.468844 3.44139 3.412603 3.382451 3.350905 3.317939 3.283527 3.247649 3.210287 3.171426 3.131056 3.089171 3.045769 3.000854 2.954434 2.906526 2.857149 2.806333 2.754113 2.700535 2.64565 2.589522 2.532221 2.473831 2.414445 2.35417 2.293122 2.231432 2.169243 2.10671 2.044004 1.981306 1.918813 1.856731 1.795281 1.734692 1.675204 1.617067 1.560534 1.505865 1.453323 1.403171 1.355669
3.81433 3.806056 3.797194 3.787708 3.777564 3.766725 3.755153 3.742811 3.729658 3.715654 3.700759 3.684929 3.668124 3.650301 3.631417 3.611431 3.590299 3.567981 3.544436 3.519625 3.493508 3.466048 3.437212 3.406964 3.375274 3.342115 3.307459 3.271286 3.233575 3.194313 3.153487 3.111092 3.067126 3.021593 2.974504 2.925873 2.875724 2.824087 2.771 2.71651 2.660672 2.603552 2.545225 2.485777 2.425307 2.363925 2.301751 2.238923 2.175587 2.111907 2.048056 1.984223 1.920609 1.857428 1.794905 1.733277 1.672789 1.613695 1.556256 1.500737 1.447404 1.396525 1.348365
3.833807 3.825977 3.817556 3.808511 3.798802 3.788393 3.777244 3.765314 3.752562 3.738945 3.724419 3.708942 3.692468 3.674953 3.656351 3.636617 3.615708 3.59358 3.570188 3.545492 3.519449 3.492022 3.463172 3.432865 3.401068 3.36775 3.332886 3.296451 3.258426 3.218795 3.177547 3.134676 3.09018 3.044065 2.99634 2.947023 2.896138 2.843719 2.789804 2.734444 2.677696 2.619631 2.560325 2.499872 2.438371 2.375939 2.312701 2.248799 2.184386 2.119628 2.054708 1.989818 1.925165 1.86097 1.797463 1.734886 1.67349 1.613535 1.555285 1.49901 1.444982 1.393471 1.344745
3.85382 3.846466 3.838521 3.829949 3.820711 3.810768 3.800077 3.788597 3.776284 3.763093 3.748978 3.733893 3.71779 3.700623 3.682344 3.662905 3.64226 3.620361 3.597164 3.572623 3.546695 3.519339 3.490515 3.460187 3.428319 3.394882 3.359845 3.323185 3.284882 3.244919 3.203285 3.159973 3.114984 3.068322 3.019999 2.970035 2.918455 2.865294 2.810595 2.754409 2.6968 2.637839 2.577609 2.516205 2.453733 2.390313 2.326078 2.261172 2.195754 2.129997 2.064088 1.998226 1.932623 1.867504 1.803107 1.739677 1.677471 1.616753 1.557793 1.500863 1.446239 1.394194 1.344999
3.874367 3.86752 3.860084 3.852021 3.843289 3.833848 3.823655 3.812664 3.800829 3.788104 3.774441 3.759789 3.744101 3.727324 3.709411 3.690309 3.66997 3.648344 3.625383 3.601039 3.575267 3.548024 3.519267 3.488958 3.45706 3.423541 3.388371 3.351525 3.312982 3.272725 3.230742 3.187029 3.141585 3.094416 3.045536 2.994966 2.942733 2.888875 2.833438 2.776476 2.718056 2.658254 2.597156 2.534862 2.471483 2.407144 2.341982 2.276147 2.209804 2.143131 2.076319 2.009575 1.943114 1.877169 1.81198 1.747798 1.684886 1.623509 1.563943 1.506462 1.451345 1.398868 1.349303
3.895439 3.889133 3.88224 3.874721 3.866533 3.857633 3.847975 3.837513 3.826198 3.813981 3.800811 3.786637 3.771405 3.755064 3.73756 3.71884 3.698852 3.677542 3.654861 3.630759 3.605187 3.578099 3.549451 3.519203 3.487317 3.453758 3.418495 3.381503 3.34276 3.302249 3.259959 3.215884 3.170026 3.122393 3.072999 3.021866 2.969027 2.91452 2.858394 2.800709 2.741534 2.680948 2.619044 2.555925 2.491707 2.426521 2.360507 2.293823 2.226639 2.159137 2.091515 2.023982 1.956763 1.890092 1.824214 1.759387 1.695874 1.633947 1.573882 1.515958 1.460455 1.407649 1.357814
3.917027 3.911295 3.904981 3.898042 3.890435 3.882115 3.873033 3.863141 3.852388 3.840722 3.82809 3.814437 3.799708 3.783848 3.766799 3.748507 3.728914 3.707968 3.685613 3.661797 3.636469 3.609581 3.581087 3.550944 3.519112 3.485556 3.450243 3.413148 3.374247 3.333524 3.290968 3.246575 3.200347 3.152293 3.10243 3.050782 2.997385 2.94228 2.885519 2.827166 2.767293 2.705986 2.64334 2.579465 2.514481 2.448524 2.38174 2.314291 2.246353 2.178115 2.109778 2.041557 1.973681 1.906389 1.839931 1.774567 1.710564 1.648198 1.587745 1.529487 1.473705 1.420676 1.370672
3.93912 3.933997 3.928297 3.921976 3.914988 3.907287 3.898822 3.889543 3.879395 3.868325 3.856275 3.843189 3.829009 3.813676 3.797129 3.779312 3.760164 3.739627 3.717645 3.694163 3.669126 3.642484 3.61419 3.584197 3.552464 3.518955 3.483637 3.446481 3.407466 3.366575 3.323799 3.279132 3.232579 3.184151 3.133867 3.081754 3.027849 2.972199 2.914859 2.855896 2.795389 2.733425 2.670107 2.605547 2.539874 2.473225 2.405756 2.337631 2.269032 2.200153 2.131201 2.062395 1.993969 1.926165 1.859237 1.793448 1.729069 1.666376 1.605648 1.547167 1.491214 1.438067 1.387997
3.961703 3.957224 3.952174 3.946508 3.94018 3.933138 3.925333 3.916708 3.90721 3.89678 3.885359 3.872888 3.859304 3.844545 3.82855 3.811256 3.7926 3.772522 3.750962 3.727861 3.703164 3.676816 3.648767 3.618971 3.587384 3.553968 3.51869 3.48152 3.442437 3.401424 3.358472 3.313578 3.266747 3.217994 3.167338 3.114812 3.060454 3.004315 2.946454 2.886944 2.825866 2.763314 2.699394 2.634227 2.567943 2.500688 2.43262 2.363912 2.294748 2.225328 2.155864 2.08658 2.017712 1.949508 1.882223 1.816125 1.751484 1.688578 1.627688 1.569096 1.513081 1.459921 1.409884
3.984761 3.98096 3.976597 3.971625 3.965995 3.959654 3.95255 3.944625 3.935821 3.926077 3.915332 3.903522 3.890583 3.876449 3.861054 3.844333 3.82622 3.80665 3.785561 3.762892 3.738582 3.712577 3.684824 3.655272 3.623879 3.590603 3.555411 3.518274 3.479169 3.438081 3.395001 3.349928 3.30287 3.25384 3.202866 3.149979 3.095223 3.038654 2.980334 2.920339 2.858758 2.795689 2.731245 2.665548 2.598737 2.530962 2.462387 2.39319 2.323561 2.253703 2.183834 2.11418 2.044983 1.976491 1.908966 1.842673 1.777886 1.714883 1.653945 1.595352 1.539383 1.486312 1.436407
4.008274 4.005187 4.001547 3.997307 3.992415 3.986817 3.980457 3.973275 3.965211 3.9562 3.946179 3.935079 3.922834 3.909374 3.894629 3.878532 3.861012 3.842001 3.821435 3.799247 3.775376 3.749763 3.722354 3.693096 3.661945 3.628858 3.593801 3.556744 3.517666 3.476551 3.433392 3.38819 3.340953 3.291701 3.24046 3.187268 3.132173 3.075233 3.016517 2.956105 2.894091 2.830579 2.765686 2.699542 2.632289 2.564085 2.495097 2.425509 2.355516 2.285326 2.215159 2.145247 2.075834 2.007171 1.93952 1.873149 1.808333 1.745348 1.684474 1.62599 1.570173 1.517293 1.467614
4.032218 4.02988 4.027001 4.023532 4.019418 4.014604 4.009031 4.002637 3.995359 3.987128 3.977879 3.967539 3.956037 3.943301 3.929258 3.913836 3.89696 3.878561 3.858567 3.836912 3.813531 3.788361 3.761346 3.732432 3.701572 3.668723 3.63385 3.596923 3.55792 3.516828 3.473639 3.428358 3.380996 3.331573 3.280121 3.226682 3.171306 3.114058 3.055011 2.99425 2.931875 2.867996 2.802734 2.736226 2.66862 2.600078 2.530774 2.460895 2.390642 2.320227 2.249873 2.179816 2.110301 2.041584 1.973924 1.907592 1.842861 1.780008 1.71931 1.661043 1.60548 1.552889 1.503528
4.056571 4.055016 4.052934 4.050273 4.046978 4.04299 4.038248 4.032686 4.026239 4.018836 4.010406 4.000875 3.990167 3.978207 3.964917 3.950221 3.934042 3.916305 3.896937 3.875866 3.853026 3.82835 3.80178 3.773261 3.742742 3.710181 3.67554 3.638793 3.599915 3.558895 3.515729 3.47042 3.422984 3.373446 3.321839 3.26821 3.212615 3.155121 3.095809 3.034771 2.972108 2.907939 2.84239 2.775604 2.707735 2.638949 2.569427 2.499359 2.428952 2.35842 2.287991 2.217902 2.148401 2.079744 2.012193 1.946016 1.881485 1.818876 1.758462 1.700517 1.64531 1.593101 1.544145
4.0813 4.080564 4.079315 4.077501 4.075064 4.071943 4.068074 4.06339 4.05782 4.051292 4.04373 4.035057 4.025193 4.014059 4.001573 3.987655 3.972225 3.955203 3.936512 3.916078 3.89383 3.8697 3.843626 3.815551 3.785424 3.753201 3.718844 3.682325 3.643623 3.602726 3.559633 3.514349 3.466893 3.417294 3.365589 3.311829 3.256076 3.198402 3.138894 3.077647 3.014773 2.950392 2.88464 2.817663 2.749622 2.680688 2.611046 2.540893 2.470438 2.399899 2.329506 2.2595 2.190129 2.121648 2.05432 1.988412 1.924195 1.861939 1.801916 1.744395 1.689638 1.637901 1.589433
4.106376 4.106491 4.106112 4.105181 4.103642 4.101429 4.098475 4.094712 4.090065 4.084459 4.077813 4.070046 4.061077 4.050819 4.039189 4.026101 4.011471 3.995215 3.977254 3.957509 3.935904 3.912371 3.886844 3.859265 3.82958 3.797744 3.763721 3.727481 3.689005 3.648282 3.605312 3.560106 3.512684 3.463078 3.411332 3.357502 3.301653 3.243864 3.184228 3.122846 3.059835 2.995324 2.929452 2.862372 2.794251 2.725265 2.655605 2.58547 2.515073 2.444636 2.374393 2.304582 2.235455 2.167265 2.100275 2.03475 1.970955 1.90916 1.849631 1.79263 1.738415 1.687235 1.639331
4.131761 4.132761 4.133285 4.133275 4.132671 4.131405 4.12941 4.126611 4.122931 4.118292 4.112609 4.105799 4.097772 4.088441 4.077717 4.06551 4.051731 4.036294 4.019114 4.000107 3.979198 3.956313 3.931384 3.90435 3.875157 3.843759 3.810118 3.774207 3.736006 3.695508 3.652713 3.607636 3.560302 3.510746 3.459017 3.405175 3.349293 3.291455 3.23176 3.170315 3.107245 3.042682 2.976775 2.909682 2.841573 2.772632 2.703053 2.63304 2.562809 2.492584 2.4226 2.353099 2.284328 2.216543 2.150003 2.084969 2.021706 1.960475 1.901537 1.84515 1.791563 1.741019 1.693749
4.157417 4.159332 4.160793 4.161739 4.162107 4.161829 4.160831 4.159038 4.15637 4.152742 4.148069 4.142261 4.135225 4.12687 4.117102 4.105825 4.092949 4.078381 4.062031 4.043815 4.023652 4.001463 3.977182 3.950743 3.922091 3.89118 3.857971 3.822438 3.784562 3.744338 3.701769 3.656874 3.60968 3.560229 3.508574 3.45478 3.398927 3.341106 3.28142 3.219985 3.156931 3.092399 3.026541 2.959522 2.891519 2.822719 2.753321 2.683534 2.613575 2.543671 2.474057 2.404975 2.336673 2.269403 2.203422 2.138987 2.076358 2.01579 1.957539 1.901853 1.848976 1.799139 1.752568
4.183299 4.18616 4.18859 4.190526 4.191901 4.192647 4.192686 4.19194 4.190324 4.187753 4.184134 4.179373 4.173376 4.166044 4.157279 4.146983 4.135057 4.121406 4.105937 4.088561 4.069191 4.04775 4.024164 3.998368 3.970305 3.939929 3.9072 3.872093 3.834591 3.794689 3.752397 3.707734 3.660733 3.611441 3.559916 3.50623 3.450468 3.392728 3.33312 3.271768 3.208806 3.144383 3.078658 3.011802 2.943997 2.875434 2.806317 2.736857 2.667275 2.597799 2.528663 2.46011 2.392386 2.32574 2.260424 2.196692 2.134796 2.074987 2.017511 1.962609 1.910516 1.861455 1.81564
4.209359 4.213195 4.216624 4.219581 4.221998 4.223803 4.224916 4.225255 4.224733 4.223258 4.220736 4.217068 4.212153 4.20589 4.198175 4.188905 4.177978 4.165292 4.150751 4.134261 4.115734 4.095086 4.072242 4.047136 4.01971 3.989914 3.957712 3.923077 3.885995 3.846465 3.804497 3.760117 3.71336 3.66428 3.612941 3.55942 3.50381 3.446215 3.386753 3.325554 3.26276 3.198526 3.133017 3.066411 2.998893 2.930663 2.861924 2.792893 2.723791 2.654847 2.586297 2.518379 2.451339 2.385421 2.320873 2.257943 2.196876 2.137915 2.081298 2.027258 1.976017 1.927792 1.882785
4.235548 4.240385 4.244839 4.248847 4.252337 4.255234 4.257456 4.258917 4.259526 4.259187 4.257802 4.255268 4.251479 4.246327 4.239707 4.231508 4.221623 4.209948 4.196381 4.180822 4.163181 4.143372 4.121316 4.096945 4.070199 4.041028 4.009398 3.97528 3.938664 3.89955 3.857954 3.813904 3.767442 3.718626 3.667526 3.614227 3.558828 3.501441 3.442191 3.381214 3.318662 3.254694 3.189483 3.123212 3.056072 2.988266 2.920002 2.851498 2.782977 2.714669 2.646807 2.579628 2.513375 2.448286 2.384605 2.322572 2.262424 2.204396 2.148717 2.095608 2.045284 1.997948 1.953793
4.261808 4.267669 4.273176 4.278262 4.282854 4.286873 4.290236 4.292852 4.294627 4.295461 4.29525 4.293888 4.291264 4.287266 4.281781 4.274694 4.265895 4.255272 4.242721 4.228137 4.211425 4.192497 4.171271 4.147676 4.121653 4.09315 4.062132 4.028575 3.992468 3.953815 3.912635 3.868961 3.822841 3.774339 3.72353 3.670508 3.615378 3.558259 3.499285 3.438599 3.376359 3.312733 3.2479 3.182047 3.115373 3.048081 2.980386 2.912505 2.844663 2.777089 2.710016 2.643677 2.578308 2.514146 2.451426 2.390379 2.331237 2.274221 2.219553 2.167441 2.118089 2.07169 2.028424
4.288083 4.294988 4.301569 4.307757 4.313477 4.318646 4.323178 4.32698 4.329952 4.331992 4.332991 4.332837 4.331414 4.328606 4.324293 4.318358 4.310683 4.301152 4.289655 4.276085 4.260343 4.242334 4.221978 4.199199 4.173937 4.146142 4.115777 4.082819 4.047261 4.00911 3.968389 3.925135 3.879403 3.831261 3.780794 3.7281 3.673294 3.616503 3.557866 3.497536 3.435679 3.372468 3.308089 3.242735 3.17661 3.109921 3.042883 2.975718 2.908651 2.841908 2.775718 2.710315 2.645926 2.582783 2.521113 2.461139 2.40308 2.347152 2.29356 2.242504 2.194175 2.148753 2.106409
4.314307 4.322275 4.32995 4.337261 4.34413 4.350473 4.3562 4.361214 4.365412 4.368687 4.370925 4.37201 4.371821 4.370236 4.367131 4.362382 4.355865 4.347462 4.337056 4.324535 4.309797 4.292745 4.273293 4.251367 4.226902 4.19985 4.170174 4.137852 4.102881 4.06527 4.025047 3.982255 3.936952 3.889215 3.839136 3.786821 3.732391 3.675982 3.617742 3.557832 3.496423 3.433697 3.369846 3.305069 3.239573 3.173571 3.107279 3.040919 2.974716 2.908895 2.843683 2.779305 2.715987 2.65395 2.593414 2.534591 2.477692 2.422918 2.370464 2.320517 2.273255 2.228846 2.187447
4.340415 4.34946 4.358244 4.366695 4.374732 4.382269 4.389212 4.395461 4.400908 4.405443 4.408947 4.411299 4.412373 4.41204 4.410171 4.406638 4.401311 4.394067 4.384782 4.373343 4.359641 4.343576 4.325061 4.304018 4.280384 4.254106 4.225152 4.1935 4.159149 4.122114 4.082424 4.04013 3.995296 3.948006 3.898359 3.846468 3.792464 3.736489 3.678702 3.619269 3.558372 3.496198 3.432945 3.368819 3.30403 3.238794 3.17333 3.10786 3.042608 2.977797 2.913648 2.850383 2.78822 2.727371 2.668047 2.61045 2.554778 2.50122 2.449959 2.401168 2.355011 2.311643 2.271209
