Texto Raster/interpolacion1texto.txt
north: 11
south: 10
east: -84
west: -85
rows: 100
cols: 100
[rows 57 to 75 of 100, columns 0 to 42 of 100]
4.8825154720761592 4.8910605847654258 4.8993914195155241 4.9074923152093017 4.9153478631845529 4.9229430119841995 4.9302631556446084 4.9372941920514144 4.9440225338697736 4.9504350506499826 4.9565189182723488 4.9622613536219138 4.9676492230760942 4.9726685406555946 4.9773039257589362 4.981538181143093 4.9853522797896854 4.9887261878254288 4.9916410219174407 4.9940829051879172 4.9960483969057163 4.9975505179138127 4.9986234925757325 4.9993240127971443 4.9997276093482803 4.9999203295517551 4.9999872617619081 4.999999449187376 4.9999994041433116 4.9999838743758689 4.9998819763921984 4.9995277636402804 4.9986281906431955 4.9967291299105181 4.9931826839326012 4.9871186045901386 4.977422425202974 4.9627245289382955 4.941408659347533 4.9116547401423789 4.8715372314114997 4.8192030169959326 4.7531468027187689
4.8786851384366781 4.8873250535923507 4.8957643364969288 4.9039878266897405 4.9119804805708478 4.9197274250304561 4.9272139821581709 4.9344256500958465 4.9413480222238588 4.9479666254145425 4.9542666601570566 4.9602326345158945 4.9658479055269646 4.9710941827728545 4.9759511162467778 4.9803961853825571 4.9844052135948775 4.987953908050061 4.9910207837728686 4.9935915692923372 4.9956646509847173 4.9972564008421561 4.9984046834250035 4.9991688877364906 4.9996256543684208 4.9998606749207619 4.9999577254833723 4.999985870674819 4.999984688841038 4.9999462059365936 4.9997918150510463 4.9993431455391892 4.998287341164434 4.9961388124306065 4.9922006180556577 4.9855291784289237 4.9749068200849669 4.9588289256735623 4.9355170603236109 4.9029759639383048 4.859118484985478 4.8019838826274972 4.7300648298842463
4.8743716114887743 4.8831050292209435 4.8916520966352595 4.8999981375676347 4.9081284368102587 4.916028240236761 4.9236827154945315 4.9310768586021894 4.9381953308654163 4.9450222123869887 4.9515406656512404 4.9577325189611914 4.963577809687572 4.9690543760499679 4.9741376550715728 4.9788009260644932 4.9830163088331174 4.9867568346847531 4.9899997871076227 4.9927311980225939 4.9949508955373316 4.996676974326304 4.9979482707632457 4.9988236251790896 4.9993774086312301 4.9996916245963554 4.9998453327907058 4.9999018632783052 4.9998934502857724 4.9998020485324481 4.9995347592403441 4.998892761432967 4.99753380189326 4.9949297636485257 4.9903222536358101 4.982680542949443 4.9706681307968399 4.9526276105003637 4.9265990274069802 4.8903939537576129 4.8417532780988841 4.778615506041878 4.6995060121195964
4.8695400190347238 4.878362118931892 4.8870125155458588 4.8954770008626474 4.9037411612440192 4.9117903258818645 4.9196094684217542 4.9271830490494635 4.9344947857647021 4.9415273488943861 4.9482619847055211 4.9546780955389114 4.9607528385198982 4.9664608542838815 4.9717742980405379 4.976663404665187 4.9810978496020839 4.9850491251751912 4.9884939903828096 4.9914187494479894 4.9938237145297171 4.9957268458591644 4.9971654274821198 4.9981948593672829 4.9988841682793153 4.999308386328071 4.9995381747157808 4.9996268034992219 4.9995939592238221 4.9994051962519217 4.9989455587776144 4.9979862061218832 4.9961437766511265 4.9928335759557578 4.9872193562290406 4.9781646076584982 4.9641934286860705 4.9434739077477081 4.9138438735334145 4.8729067656049558 4.8182304290822451 4.7476764082596361 4.6598618639987217
4.864153682681982 4.873055921698338 4.8818011943702242 4.8903757491678563 4.8987654619142749 4.9069557379052515 4.9149313633763567 4.9226762968229911 4.9301733944200166 4.937404072073015 4.9443479217039883 4.9509823235898471 4.9572821314743409 4.9632195516697237 4.9687643849168648 4.9738848351723597 4.9785490871343265 4.9827277816202606 4.9863973479945054 4.9895438870504814 4.9921669887970186 4.9942826243400553 4.9959241914327652 4.9971409792056001 4.9979936784864663 4.9985469046135593 4.9988588015883879 4.9989675569487835 4.9988741626439142 4.998520245335766 4.9977595316983763 4.99632170882305 4.9937681730640398 4.9894404581347018 4.9824040866438555 4.9713935034235881 4.9547681938244059 4.9304966812108679 4.8961938121075415 4.8492456527704162 4.7870600044824192 4.7074691891171652 4.6092736217642933
4.858174621241746 4.8671445644515376 4.8759720837110736 4.8846438769216807 4.8931461109736825 4.9014642851842067 4.9095830436347621 4.9174859307728536 4.9251550902831474 4.9325709175563128 4.9397116927621134 4.9465532458716037 4.9530687368986923 4.9592286710890923 4.9650013017149375 4.97035358783749 4.9752528499979327 4.9796691811418112 4.9835785107433699 4.9869659993946227 4.9898292070133747 4.9921803075898472 4.9940465916035324 4.9954686271626692 4.9964956801578104 4.9971781879380224 4.9975571005306811 4.9976496853451966 4.9974309938200232 4.9968097718408782 4.9955973607324271 4.9934682658461487 4.9899117180116468 4.9841748882998287 4.9752007204737607 4.9615671085741759 4.9414400484325975 4.9125619678468055 4.8723071879960438 4.8178462300879898 4.746461700958446 4.6560379489787502 4.5456914772395827
4.8515640722039333 4.8605852531243725 4.8694780576228132 4.8782296266783218 4.8868264272231832 4.8952540855343996 4.9034971717731786 4.9115389339272095 4.9193609863314727 4.9269429692495796 4.9342622127290179 4.9412934604440331 4.9480087362449456 4.9543774635412374 4.9603669672910646 4.965943487563548 4.9710737967235143 4.9757274254516792 4.9798793623148514 4.983512912801757 4.9866222249508194 4.9892138626681248 4.9913067785133931 4.992930110876304 4.9941183568992589 4.9949035611040991 4.9953041197755121 4.9953095924372279 4.9948605731904987 4.9938223191941749 4.9919506202864818 4.9888485052806733 4.983913031497103 4.9762728936480212 4.9647203827287107 4.9476460155372219 4.9229917502001133 4.8882495200617821 4.840544645395533 4.7768535706565052 4.6944014308579582 4.5912509111792783 4.467016724136311
4.8442830345597008 4.8533348457148877 4.8622715106989647 4.8710806006724567 4.8797488885126894 4.8882621605493224 4.8966049834618897 4.9047604280190003 4.9127097588634587 4.9204321108662619 4.9279041881429935 4.9351000412550361 4.941990999428489 4.9485458534230942 4.954731393563927 4.9605133962306907 4.9658581096875878 4.9707342085022601 4.9751150655799066 4.978981046273482 4.9823213883772626 4.9851351295795148 4.9874305051120311 4.9892222609107106 4.9905263746527391 4.9913516867406553 4.9916878558537476 4.9914888427534851 4.9906508197515178 4.9889830883126516 4.9861704036468577 4.9817252491168684 4.9749293567328117 4.9647655632390792 4.949844579916916 4.9283373348717348 4.8979331349433037 4.8558571476583596 4.7989952983205093 4.7241831149167757 4.628702454951104 4.5109769050227397 4.3713532716287133
4.836292837206166 4.8453504555563702 4.8543049919171004 4.8631444187036488 4.8718558046246336 4.8804251119233291 4.8888369535769716 4.8970743147636364 4.9051182504170363 4.9129475812524195 4.9205386242550588 4.9278650093993823 4.9348976500298489 4.941604945698078 4.9479532970441653 4.95390799473779 4.9594345009546084 4.9645000679148339 4.9690755359315455 4.9731370346507324 4.9766671953286448 4.9796553907644965 4.9820964662853182 4.9839874048469763 4.985321354499372 4.9860783948463459 4.986212290870637 4.9856322613126327 4.9841784992676956 4.9815899014198575 4.9774623291499847 4.9711959662926866 4.961931316952688 4.9484756757756161 4.9292263556121405 4.9021046635530041 4.8645265059646681 4.8134511849280299 4.74556535648808 4.6576632558337083 4.5472576837647827 4.4133776752834297 4.2573776993750059
4.827555736436163 4.8365900916314652 4.8455318864966292 4.8543694392391732 4.8630900744496781 4.8716799110912108 4.8801236151209713 4.888404122723804 4.8965023471373632 4.9043968913244065 4.912063799963807 4.919476396249638 4.9266052595063767 4.9334184049265293 4.9398817217268061 4.945959704877084 4.951616473117352 4.9568169997968532 4.9615283955524943 4.9657209812936145 4.9693687892086107 4.9724490414500426 4.9749400871075684 4.9768172218042395 4.9780457503505708 4.9785705521350723 4.9783012452192068 4.9770918110927322 4.9747132654688535 4.9708177216738445 4.9648921495777065 4.9562005609376714 4.9437147137106789 4.9260364561024419 4.9013205776869295 4.8672167284000061 4.820863350195463 4.758984208693529 4.6781523223239336 4.5752813812853956 4.4483572786646413 4.2973130870380336 4.1247971211059582
4.8180355438703488 4.8270133396119945 4.8359071523932418 4.8447055538973469 4.853396041611445 4.8619648204727444 4.8703965529449542 4.8786740841791705 4.88677815504421 4.8946871234838296 4.9023767233308115 4.9098198981451038 4.9169867536919414 4.9238446731602146 4.9303586301011553 4.9364917110085766 4.9422058188749727 4.9474624694535176 4.952223515147872 4.9564515428727223 4.9601095996327187 4.9631598099044592 4.9655603641274997 4.9672602712387732 4.9681911648920112 4.9682553128460487 4.9673087865899097 4.9651385061194553 4.961431620746044 4.9557355180928022 4.9474068634037334 4.9355488075562679 4.9189374485810848 4.8959426924099665 4.8644560579153051 4.821849942985998 4.7650096055726907 4.6904974080972464 4.594918359878049 4.4755361273558067 4.3311132302940276 4.1628083167906063 3.9748031551280891
4.8076982830212369 4.8165820829239321 4.8253881120296134 4.8341050572794133 4.8427204517201776 4.8512204502013416 4.8595895758377941 4.8678104436215373 4.8758634725938874 4.8837266039090999 4.8913750482766583 4.8987810914354082 4.9059139885556418 4.9127399751284049 4.9192224097852728 4.9253220403123068 4.9309973452352844 4.9362048486030812 4.9408992359444843 4.9450330178712605 4.9485553985161683 4.9514099118973158 4.9535302896850357 4.9548339125147951 4.9552120626597729 4.9545160261176324 4.9525378816554211 4.948984578239318 4.9434436964081927 4.9353392412829926 4.9238761733209255 4.90797358835467 4.8861892335452497 4.856643457960792 4.8169600568034987 4.7642557567667572 4.6952283769214338 4.60641005747223 4.4946514290149553 4.3578602269221776 4.1959098665520731 4.0114695140018615 3.810369963177525
4.7965128689138501 4.8052612581037595 4.8139352931988508 4.8225235854116448 4.8310135032476751 4.8393909401369575 4.8476400532782327 4.8557429789562221 4.8636795333874074 4.8714269122785216 4.87895940604459 4.8862481498652865 4.893260926758666 4.8999620354027202 4.9063122199670319 4.912268634141725 4.9177847737450584 4.9228102605932031 4.927290294826137 4.9311645147955003 4.9343649144138739 4.9368123679387423 4.9384111993796029 4.9390411027174634 4.9385455625593799 4.9367157376990525 4.9332685584062341 4.9278175843858518 4.9198350571819676 4.9086037309370232 4.8931578002714504 4.8722141143143514 4.8440987331024976 4.8066809234780594 4.7573381232485863 4.6929915242842482 4.6102699168967627 4.5058697139808634 4.3771619606279675 4.2230261064792662 4.0447521866061287 3.8466873794735754 3.6362282418889103
4.7844518012350452 4.7930196335461055 4.8015133064061644 4.8099211075699744 4.8182299733968286 4.8264252439449438 4.8344903875493976 4.842406698282459 4.8501529721973045 4.8577051706250103 4.8650360803234847 4.8721149798842003 4.8789073179959486 4.8853744000709494 4.8914730632318015 4.8971552935892824 4.9023677022406238 4.9070507261701648 4.9111373565962211 4.9145511201223631 4.9172029470987866 4.9189864558202583 4.9197710580752281 4.9193921474452509 4.9176374639716238 4.91422854108243 4.908795953511496 4.9008469536918051 4.8897241286798989 4.8745541608862748 4.8541870416614392 4.8271288300811754 4.7914762351244464 4.744870086595661 4.6844979612580078 4.6071928764097025 4.5096895257360954 4.3890983009571602 4.2436174065526657 4.0734024105282378 3.8813578489218528 3.6734816472490524 3.4584177566667447
4.7714918577108056 4.7798305958859384 4.7880917397464158 4.7962629485430348 4.804330390843651 4.8122784805447756 4.8200895782971971 4.8277436592588376 4.8352179492863252 4.8424865323530746 4.8495199314412911 4.8562846624005163 4.862742753974425 4.8688512157533577 4.8745614173890015 4.8798183151283281 4.8845594238253378 4.8887133825771283 4.892197898815474 4.8949167780478717 4.8967556533495422 4.8975759186438852 4.8972062410182176 4.8954308790472867 4.8919738699421567 4.8864779832627221 4.8784772120589022 4.8673615687488061 4.8523332387302887 4.8323540177486617 4.8060859150088868 4.7718305925293638 4.7274799094346092 4.670500165165139 4.5979866625855772 4.5068400581313348 4.3941228707843791 4.257636314397268 4.0966919087868119 3.9129288760055041 3.71088226935204 3.4979411054317984 3.2834752850895965
4.7576147711332828 4.7656729240787028 4.7736460471608977 4.7815208118819861 4.7892822192897846 4.7969133086843456 4.8043948252791067 4.8117048447326773 4.8188183523837749 4.8257067740919339 4.8323374531364989 4.8386730627320347 4.8446709351921511 4.8502822751846759 4.8554512042519438 4.8601135551094243 4.8641952954828289 4.8676104107914471 4.8702580113528962 4.8720183515912074 4.8727473546930691 4.8722691253215178 4.870365805633198 4.8667639897309733 4.8611167708996383 4.8529803839087888 4.8417843836576271 4.8267944921572061 4.8070678655022228 4.7814019455429291 4.7482808302278796 4.7058279909740497 4.6517820137373711 4.583523207436782 4.4981920682582466 4.3929504581531464 4.2654312023445842 4.11438332792026 3.9404321659675916 3.7467450093768728 3.5392864515783016 3.3263737650810525 3.1174785838912351
4.7428078709368711 4.7505315280365803 4.75815840190727 4.7656737697428788 4.7730610097499868 4.78030127315707 4.7873731063961475 4.7942520179784704 4.8009099832676307 4.8073148779188646 4.8134298265522881 4.8192124463999759 4.8246139551307961 4.8295780965228756 4.834039815660101 4.8379235853018594 4.8411412454006726 4.84358916684163 4.845144486890681 4.8456600863591532 4.8449578864816898 4.8428199376608196 4.8389766562832559 4.833091449952442 4.8247408787454908 4.8133894774838133 4.7983585006025802 4.7787883057558123 4.7535951306003739 4.7214250527748218 4.6806115352770306 4.6291488212456491 4.5647020148470663 4.4846854426142642 4.3864508265932809 4.2676283555054884 4.1266435726046655 3.9633754940620975 3.7798222888136181 3.5805307333740775 3.3725031822563571 3.1644121288295342 2.9652359689086936
4.7270646686580546 4.734398126680988 4.7416184845740865 4.7487091818431431 4.7556514757438437 4.7624240666381459 4.7690026626107791 4.7753594741992593 4.7814626276093355 4.7872754809697993 4.7927558224027438 4.7978549201455003 4.8025163826700963 4.8066747695389065 4.8102538702967061 4.8131645376163874 4.8153019207524856 4.8165418947666776 4.816736418899894 4.815707483421126 4.813239219126257 4.8090676508728967 4.8028674847848256 4.7942352464934954 4.7826680711373903 4.7675375514456277 4.748058394644489 4.7232524152180924 4.6919098983258634 4.6525530320501396 4.6034104390016299 4.5424182644338895 4.4672716616444577 4.3755591937664668 4.2650169721762508 4.1339302363434181 3.9816750808515939 3.8093233823253723 3.620140392034918 3.4197339829784523 3.2156435036465187 3.0163344490096944 2.8298375593441056
4.7103853661506614 4.7172718396465347 4.7240241741683953 4.7306235050554086 4.7370484443424399 4.7432746496334648 4.7492743195218967 4.7550156026091646 4.7604619036286673 4.7655710651329644 4.7702943960569391 4.7745755084884252 4.7783489102675869 4.7815382825640702 4.7840543472079942 4.7857921970953434 4.7866279233358817 4.7864143240999741 4.7849754220692873 4.7820994508987811 4.7775298993017881 4.7709541316097059 4.7619890508160827 4.7501632622534506 4.734895283401932 4.7154676137730469 4.6909970682757072 4.6604029029592731 4.6223762279047733 4.5753573844281936 4.5175327066827302 4.4468684155298321 4.3612064070166801 4.2584515868044264 4.1368773253301203 3.9955555931352809 3.8348725883518875 3.6570199326806438 3.4662797605671734 3.2689017122585513 3.0724573679148444 2.8847558981779038 2.7126207392633894
