Texto Raster/interpolacion2texto.txt
north: 11
south: 10
east: -84
west: -85
rows: 100
cols: 100
[rows 56 to 83 of 100, columns 0 to 62 of 100]
4.70891 4.733467 4.7583 4.783306 4.808362 4.833336 4.858076 4.882418 4.90618 4.929171 4.951185 4.972006 4.991411 5.00917 5.02505 5.038818 5.050246 5.059114 5.065209 5.068339 5.068328 5.065025 5.058305 5.048073 5.034271 5.016875 4.995901 4.971404 4.943483 4.912276 4.877964 4.840766 4.80094 4.758776 4.714597 4.668751 4.621607 4.573548 4.524968 4.476263 4.427822 4.380026 4.333238 4.287794 4.244001 4.202132 4.162417 4.125043 4.090151 4.057831 4.028129 4.001041 3.97652 3.954478 3.934793 3.917316 3.901876 3.88829 3.876376 3.865954 3.856865 3.848974 3.842179
4.699804 4.723739 4.747921 4.772247 4.796596 4.820833 4.844809 4.868359 4.891304 4.913453 4.9346 4.954533 4.973027 4.989856 5.004787 5.017591 5.02804 5.035914 5.041005 5.04312 5.042086 5.037753 5.029996 5.018724 5.003879 4.985437 4.963418 4.937876 4.908912 4.876666 4.841321 4.803098 4.762256 4.71909 4.673926 4.627116 4.579031 4.530063 4.480609 4.431071 4.381847 4.333325 4.285873 4.23984 4.195539 4.153251 4.113217 4.075633 4.040647 4.00836 3.978826 3.952049 3.927991 3.906571 3.887674 3.871156 3.856854 3.844592 3.83419 3.825475 3.818293 3.812511 3.808036
4.689193 4.712422 4.735866 4.759421 4.782968 4.806371 4.829482 4.852138 4.874159 4.895357 4.915527 4.934458 4.951928 4.967711 4.981579 4.993301 5.002654 5.009419 5.013391 5.014377 5.012207 5.006732 4.997829 4.985409 4.969414 4.949822 4.926653 4.899964 4.869856 4.836471 4.799993 4.760643 4.718686 4.674417 4.628163 4.580282 4.531151 4.481163 4.430722 4.380237 4.330112 4.280743 4.232508 4.185761 4.14083 4.098002 4.057529 4.019619 3.984429 3.952073 3.922614 3.896067 3.872403 3.851552 3.833408 3.817837 3.804683 3.793778 3.78495 3.778032 3.772876 3.769356 3.767381
4.677137 4.699581 4.722204 4.744903 4.767557 4.790034 4.812186 4.833848 4.854846 4.87499 4.894078 4.911901 4.928239 4.942868 4.955562 4.966094 4.974242 4.979789 4.982533 4.982283 4.978871 4.972149 4.961998 4.948328 4.931083 4.910243 4.885827 4.857895 4.826548 4.791929 4.754223 4.713654 4.670485 4.625015 4.577575 4.528524 4.478243 4.427131 4.375597 4.324056 4.272919 4.22259 4.173455 4.12588 4.080201 4.036718 3.995694 3.957348 3.921852 3.88933 3.859859 3.833466 3.810135 3.789808 3.772391 3.75776 3.74577 3.736263 3.729076 3.724051 3.721046 3.719942 3.720654
4.663705 4.685288 4.707013 4.728775 4.750454 4.771918 4.793021 4.813599 4.833479 4.852473 4.870381 4.886997 4.902102 4.915477 4.926896 4.936135 4.942976 4.947204 4.948619 4.947034 4.942282 4.934217 4.922722 4.907708 4.889121 4.866941 4.84119 4.811927 4.779253 4.743314 4.704292 4.662416 4.617948 4.571188 4.522472 4.472159 4.420635 4.368302 4.315575 4.262876 4.210623 4.159227 4.109087 4.060575 4.01404 3.969795 3.928115 3.889232 3.853334 3.820559 3.790997 3.764691 3.74164 3.721798 3.705088 3.691397 3.680594 3.672532 3.667059 3.664026 3.663301 3.664771 3.668356
4.648969 4.669624 4.690379 4.711128 4.731755 4.752127 4.772098 4.791508 4.810183 4.827939 4.844578 4.859895 4.873676 4.885703 4.895753 4.903607 4.909048 4.911866 4.911861 4.90885 4.902668 4.893173 4.880247 4.863804 4.843791 4.820191 4.793023 4.762349 4.72827 4.69093 4.650516 4.607253 4.561407 4.513278 4.463203 4.411545 4.358692 4.305051 4.251042 4.197093 4.143629 4.091071 4.039826 3.990279 3.94279 3.897686 3.855255 3.815746 3.77936 3.746252 3.71653 3.690253 3.667436 3.648051 3.632035 3.619291 3.609704 3.603138 3.599454 3.598516 3.6002 3.604401 3.611046
4.633012 4.652675 4.672393 4.692063 4.711567 4.730773 4.749538 4.767702 4.785095 4.801532 4.816821 4.830757 4.843131 4.853726 4.862325 4.86871 4.872668 4.873991 4.872485 4.867968 4.860277 4.849272 4.83484 4.816894 4.795382 4.770288 4.741632 4.709477 4.673923 4.635116 4.593241 4.548523 4.501229 4.451662 4.400157 4.34708 4.292823 4.237798 4.182427 4.127147 4.07239 4.018585 3.966149 3.91548 3.866951 3.820901 3.777637 3.737421 3.700473 3.666965 3.637024 3.610728 3.588109 3.569158 3.553831 3.542048 3.533709 3.528695 3.52688 3.52814 3.53236 3.539446 3.54933
4.615919 4.634532 4.653156 4.671685 4.690002 4.707979 4.72547 4.74232 4.758359 4.773408 4.787273 4.799757 4.810649 4.819739 4.826813 4.831656 4.834057 4.833815 4.830736 4.824643 4.815374 4.802794 4.786788 4.767274 4.744201 4.717552 4.687349 4.653654 4.616568 4.576235 4.532841 4.486611 4.437812 4.386747 4.333753 4.279197 4.223474 4.166999 4.110201 4.053521 3.9974 3.942276 3.888577 3.836713 3.787069 3.740003 3.695834 3.654845 3.617272 3.58331 3.553102 3.526747 3.5043 3.485771 3.471135 3.460332 3.453279 3.449874 3.450007 3.453566 3.460448 3.470567 3.483861
4.59778 4.615295 4.632771 4.650105 4.667181 4.683869 4.700029 4.715506 4.730131 4.743729 4.756109 4.767076 4.776424 4.783947 4.789432 4.792669 4.793453 4.791584 4.786873 4.779144 4.768241 4.754029 4.736396 4.715261 4.690576 4.662322 4.630524 4.595242 4.556577 4.514674 4.469716 4.42193 4.371581 4.318972 4.264441 4.208359 4.151121 4.093145 4.034868 3.976734 3.919193 3.862694 3.807673 3.754555 3.703739 3.655597 3.610469 3.568653 3.530408 3.495947 3.465436 3.438998 3.416706 3.398594 3.384657 3.374859 3.369133 3.367396 3.369555 3.37551 3.385172 3.398463 3.415325
4.578691 4.595064 4.611347 4.627439 4.643226 4.658578 4.673357 4.687409 4.70057 4.712664 4.723506 4.732904 4.740656 4.746558 4.750403 4.751985 4.751101 4.747556 4.741164 4.731753 4.719171 4.703283 4.683981 4.661186 4.634849 4.604954 4.571525 4.534621 4.494345 4.450838 4.404285 4.354911 4.30298 4.248796 4.192698 4.135056 4.076268 4.016757 3.956963 3.897337 3.838337 3.78042 3.724037 3.669622 3.617591 3.568333 3.522204 3.479525 3.440573 3.405584 3.374748 3.348209 3.326065 3.308374 3.295154 3.286388 3.282032 3.282023 3.286281 3.294726 3.307276 3.323864 3.344439
4.55875 4.573943 4.588996 4.603809 4.618266 4.632242 4.645598 4.658185 4.669838 4.680387 4.689651 4.697437 4.703551 4.707792 4.709957 4.709843 4.707253 4.701994 4.693886 4.68276 4.668465 4.650871 4.629872 4.605389 4.577374 4.545815 4.510732 4.472186 4.430278 4.38515 4.336985 4.286005 4.232476 4.176701 4.119018 4.059798 3.999443 3.938377 3.877046 3.815906 3.755424 3.696068 3.638296 3.58256 3.529289 3.478889 3.431737 3.388172 3.348495 3.312963 3.281792 3.255148 3.233157 3.215899 3.203415 3.195714 3.192773 3.194546 3.200975 3.211992 3.227528 3.247524 3.271935
4.538055 4.552039 4.565833 4.579335 4.592432 4.605 4.616902 4.62799 4.638105 4.647079 4.65473 4.660875 4.665321 4.667871 4.668326 4.66649 4.662167 4.655171 4.645323 4.63246 4.616433 4.597115 4.574402 4.548217 4.518513 4.485278 4.448534 4.40834 4.364795 4.318042 4.26826 4.215674 4.160546 4.103178 4.043909 3.983111 3.921188 3.858566 3.795695 3.733039 3.671071 3.610268 3.551103 3.494039 3.439521 3.387974 3.339791 3.295336 3.25493 3.218856 3.187352 3.160612 3.138786 3.121979 3.11026 3.103658 3.102175 3.105785 3.114447 3.128108 3.146713 3.17021 3.198559
4.516708 4.529461 4.541972 4.55414 4.565855 4.576993 4.587418 4.596986 4.60554 4.612915 4.618935 4.623418 4.626177 4.627017 4.625747 4.622172 4.616104 4.607357 4.59576 4.581151 4.563385 4.542338 4.517909 4.490022 4.458632 4.423725 4.385324 4.343489 4.298318 4.249951 4.198566 4.144387 4.087675 4.02873 3.967892 3.905533 3.842057 3.777895 3.713501 3.649343 3.585905 3.52367 3.463125 3.404745 3.348993 3.296309 3.247109 3.201775 3.160653 3.124051 3.092231 3.065414 3.043775 3.027448 3.016523 3.011058 3.011074 3.016568 3.027516 3.043883 3.065623 3.092693 3.125057
4.494811 4.506317 4.517529 4.52835 4.538667 4.54836 4.557295 4.565331 4.572312 4.578077 4.582456 4.585268 4.58633 4.585456 4.582455 4.577138 4.569322 4.558825 4.545481 4.52913 4.509633 4.486866 4.460732 4.431156 4.398094 4.361534 4.321498 4.278045 4.231271 4.181316 4.128358 4.072616 4.01435 3.953862 3.891488 3.827602 3.762609 3.696943 3.63106 3.565436 3.500561 3.436929 3.375036 3.315373 3.258418 3.204629 3.154441 3.108258 3.06645 3.029349 2.997243 2.970379 2.948959 2.933143 2.923048 2.918754 2.920309 2.927728 2.941007 2.960124 2.985046 3.015739 3.052167
4.472464 4.482715 4.492622 4.502087 4.511001 4.519243 4.526683 4.533182 4.538588 4.542743 4.545479 4.546622 4.545992 4.543407 4.538682 4.531632 4.522079 4.509845 4.494768 4.476693 4.455483 4.431019 4.403204 4.371966 4.337263 4.299082 4.257445 4.212411 4.164075 4.112575 4.058087 4.000828 3.941058 3.879076 3.815218 3.749858 3.683401 3.616284 3.548968 3.481933 3.415675 3.350699 3.287512 3.226619 3.168511 3.113666 3.062538 3.015554 2.973105 2.935549 2.903199 2.876329 2.855167 2.8399 2.830672 2.827587 2.830714 2.840091 2.855732 2.877629 2.905761 2.940099 2.980612
4.449767 4.458761 4.467362 4.475473 4.482984 4.489779 4.495728 4.500696 4.504534 4.507086 4.508191 4.507676 4.505368 4.501088 4.494657 4.485894 4.474625 4.46068 4.443897 4.424128 4.401237 4.375111 4.345653 4.312795 4.276493 4.236738 4.193549 4.146986 4.097143 4.044155 3.988197 3.929485 3.868276 3.804867 3.739594 3.672829 3.604981 3.536487 3.467811 3.399439 3.331873 3.265627 3.20122 3.139167 3.079978 3.024146 2.972145 2.924422 2.881394 2.84344 2.8109 2.784075 2.763219 2.748544 2.740221 2.738378 2.743107 2.754467 2.772487 2.797176 2.828522 2.866503 2.911088
4.426818 4.434561 4.441863 4.448626 4.454744 4.460102 4.464573 4.468024 4.470309 4.471278 4.470769 4.46862 4.464658 4.458709 4.4506 4.440156 4.427206 4.411584 4.393136 4.371713 4.347188 4.319447 4.288397 4.253971 4.216129 4.174858 4.130182 4.082156 4.030875 3.976472 3.91912 3.859033 3.796466 3.731714 3.665113 3.597034 3.527885 3.458106 3.388163 3.318547 3.249767 3.182345 3.116809 3.053689 2.993507 2.936775 2.883985 2.835604 2.792072 2.753791 2.721128 2.694408 2.673911 2.659875 2.652496 2.651926 2.658279 2.671634 2.692038 2.719511 2.754053 2.795646 2.844261
4.403713 4.410216 4.416231 4.421662 4.426404 4.430343 4.433357 4.435312 4.43607 4.435481 4.43339 4.429636 4.424054 4.416473 4.406726 4.394642 4.380055 4.362805 4.342741 4.319719 4.293615 4.264318 4.23174 4.195814 4.156499 4.113788 4.067699 4.018291 3.965657 3.909926 3.851271 3.789903 3.726076 3.660082 3.592256 3.522968 3.452627 3.381672 3.310574 3.239827 3.169945 3.10146 3.034907 2.970829 2.909763 2.852235 2.798756 2.749813 2.705867 2.667343 2.634633 2.608085 2.588006 2.574659 2.568262 2.568993 2.576985 2.592338 2.615113 2.645344 2.68304 2.728186 2.780754
4.380544 4.385825 4.390573 4.394692 4.398081 4.400628 4.402211 4.402702 4.401964 4.399853 4.396217 4.3909 4.38374 4.374574 4.363237 4.349565 4.333396 4.314576 4.292956 4.268401 4.240786 4.210005 4.175972 4.138623 4.097919 4.053852 4.006442 3.955745 3.901854 3.844897 3.785044 3.722505 3.657529 3.59041 3.521478 3.451104 3.379695 3.307693 3.235569 3.163821 3.092969 3.02355 2.95611 2.891203 2.829376 2.771173 2.71712 2.667725 2.623468 2.584796 2.552124 2.525824 2.506227 2.493619 2.488243 2.490296 2.499935 2.517275 2.542393 2.575336 2.616119 2.664732 2.721145
4.3574 4.361482 4.364987 4.367823 4.369888 4.371074 4.371262 4.370326 4.368133 4.364542 4.359407 4.352575 4.343891 4.333194 4.320325 4.305126 4.28744 4.267117 4.244014 4.217998 4.18895 4.156767 4.121365 4.082683 4.040683 3.995357 3.946727 3.894847 3.839809 3.78174 3.720808 3.657219 3.591223 3.523109 3.453207 3.381884 3.309549 3.236643 3.163638 3.091036 3.019361 2.949156 2.880976 2.815382 2.752935 2.694193 2.639697 2.589972 2.545518 2.506804 2.474264 2.448292 2.429244 2.417427 2.413107 2.416501 2.427784 2.447088 2.474507 2.510095 2.553875 2.60584 2.665958
4.334366 4.337276 4.339569 4.341154 4.341932 4.341796 4.34063 4.338311 4.33471 4.32969 4.323109 4.314819 4.304668 4.292503 4.278169 4.261513 4.242383 4.220633 4.196126 4.168733 4.13834 4.104846 4.068171 4.028255 3.985063 3.938586 3.888848 3.835902 3.779839 3.720784 3.658904 3.594402 3.527525 3.45856 3.387835 3.315717 3.242611 3.168959 3.095234 3.021941 2.949605 2.878777 2.810016 2.743894 2.680982 2.62185 2.567054 2.517134 2.472608 2.433964 2.401655 2.376099 2.357669 2.346695 2.343462 2.348207 2.361124 2.382359 2.412017 2.450165 2.496829 2.552005 2.615658
4.311521 4.313292 4.314409 4.314782 4.314313 4.312898 4.310425 4.306774 4.301818 4.295426 4.287458 4.277773 4.266223 4.25266 4.236934 4.218897 4.198403 4.175312 4.149489 4.120812 4.08917 4.054465 4.016621 3.97558 3.931308 3.883799 3.833075 3.77919 3.722233 3.66233 3.599642 3.534374 3.466768 3.397109 3.325722 3.252972 3.179264 3.105037 3.030767 2.956957 2.884137 2.81286 2.743693 2.677214 2.614004 2.554643 2.499699 2.449729 2.405264 2.36681 2.33484 2.309787 2.292046 2.281965 2.279849 2.285951 2.30048 2.323598 2.355422 2.396023 2.445436 2.503657 2.570647
4.28894 4.289609 4.28959 4.288793 4.287124 4.28448 4.280751 4.275823 4.269572 4.261869 4.252581 4.24157 4.228693 4.213809 4.196771 4.177438 4.155668 4.131326 4.104283 4.074421 4.041632 4.005825 3.966923 3.924873 3.879643 3.831227 3.779648 3.72496 3.66725 3.606644 3.543301 3.477422 3.409248 3.339061 3.267184 3.193979 3.119847 3.045229 2.970598 2.896458 2.823342 2.751803 2.682415 2.615761 2.55243 2.49301 2.438082 2.388212 2.343948 2.305811 2.274287 2.24983 2.232848 2.22371 2.222733 2.23019 2.246303 2.271245 2.305143 2.348077 2.400084 2.461159 2.531261
4.266694 4.266302 4.26519 4.26327 4.26045 4.25663 4.251704 4.245558 4.238075 4.229129 4.218591 4.206328 4.192204 4.17608 4.157816 4.137276 4.114323 4.088828 4.060666 4.029724 3.995899 3.959102 3.919262 3.876326 3.830266 3.781075 3.728779 3.673431 3.615117 3.553961 3.490122 3.423798 3.355226 3.284686 3.212498 3.139021 3.064655 2.989837 2.915039 2.840766 2.767549 2.695946 2.626531 2.559892 2.496624 2.437323 2.382579 2.332968 2.28905 2.251358 2.220393 2.196622 2.180471 2.17232 2.172503 2.181306 2.198963 2.225658 2.261527 2.306655 2.361081 2.424802 2.497769
4.244846 4.243437 4.241279 4.238287 4.23437 4.229432 4.223368 4.21607 4.207422 4.197304 4.185592 4.172157 4.156867 4.139589 4.120189 4.098536 4.074499 4.047952 4.018778 3.986867 3.952121 3.914454 3.873798 3.830106 3.783347 3.733521 3.680651 3.624791 3.566028 3.504483 3.440312 3.373713 3.30492 3.234209 3.161896 3.088339 3.013934 2.939115 2.864352 2.790147 2.717034 2.645568 2.576326 2.509898 2.446885 2.387886 2.333499 2.284309 2.240884 2.203768 2.173475 2.150481 2.135227 2.128106 2.129463 2.139596 2.15875 2.187117 2.22484 2.272009 2.328666 2.394803 2.470368
4.223456 4.221077 4.217923 4.213912 4.208955 4.202958 4.195821 4.187437 4.177696 4.166481 4.153674 4.139148 4.122778 4.104437 4.083996 4.061328 4.036308 4.008816 3.97874 3.945974 3.910424 3.872011 3.830668 3.78635 3.739033 3.688713 3.635417 3.579198 3.520144 3.458373 3.394041 3.327342 3.258508 3.187812 3.115566 3.042125 2.96788 2.893263 2.81874 2.744812 2.67201 2.600888 2.532023 2.466007 2.403442 2.344931 2.291077 2.242471 2.199687 2.163279 2.133767 2.111641 2.097349 2.091295 2.093835 2.105276 2.12587 2.155818 2.195268 2.244313 2.302995 2.371305 2.449186
4.202576 4.199276 4.19518 4.190206 4.184268 4.177275 4.169131 4.159732 4.148971 4.136737 4.122915 4.107384 4.090024 4.070713 4.049326 4.025743 3.999846 3.971518 3.940652 3.907148 3.870917 3.831882 3.789983 3.745176 3.697438 3.64677 3.593197 3.536776 3.477591 3.415761 3.35144 3.28482 3.216128 3.145635 3.07365 3.000522 2.92664 2.85243 2.778356 2.704914 2.632632 2.562063 2.493781 2.428377 2.366455 2.308619 2.255473 2.207613 2.165618 2.130046 2.101426 2.080253 2.066984 2.06203 2.065756 2.078474 2.100446 2.131876 2.172916 2.223661 2.284153 2.354381 2.434281
4.182256 4.178086 4.1731 4.167221 4.160364 4.152441 4.143357 4.133014 4.12131 4.108136 4.093382 4.076933 4.058674 4.038487 4.016254 3.991859 3.96519 3.936136 3.904595 3.870472 3.833683 3.794155 3.75183 3.70667 3.658653 3.607783 3.554086 3.497618 3.438465 3.376744 3.312607 3.246242 3.177877 3.107776 3.036246 2.963629 2.890312 2.816715 2.743296 2.670549 2.598996 2.529186 2.461692 2.397101 2.336015 2.279037 2.226773 2.179819 2.138757 2.104147 2.076524 2.056386 2.044196 2.04037 2.045278 2.059239 2.082517 2.115322 2.157807 2.210069 2.272148 2.344029 2.425644
