Texto Raster/interpolacion1texto.txt
north: 11
south: 10
east: -84
west: -85
rows: 100
cols: 100
[rows 57 to 75 of 100, columns 43 to 85 of 100]
4.6725812211129787 4.5778598459463096 4.4708596998390639 4.3551864545870131 4.2360639711220385 4.1198370934885977 4.013143775075398 3.9219432849724569 3.8506482689893078 3.8015656884111868 3.7747372264222676 3.7681517115364089 3.7782298274552839 3.8004597028825646 3.8300679266782831 3.8626241762748612 3.8944965118436494 3.9231054174301039 3.9469685087859046 3.9655727206416715 3.9791403943577732 3.9883611691955778 3.994146432211128 3.9974385000816377 3.9990836871334134 3.9997629451017893 3.9999666068598345 3.9999987331014983 3.9999988024890869 3.99997178651327 3.9998207408176705 3.9993784167353823 3.9984359951393986 3.9967680168954423 3.9941531281044358 3.9903905489909142 3.9853123397319568 3.9787916525618114 3.9707472647644115 3.9611447911182349 3.9499950700217816 3.937350291559691 3.9232984758650482
4.6427300806998382 4.540681330100063 4.4263257220533578 4.3039093463376679 4.1792802230988038 4.0592498960256016 3.950668974247288 3.8594470932154543 3.7897631652117028 3.7436237691406231 3.7207988251456694 3.7190679514571605 3.7346783028153383 3.7629251346256676 3.7987818147534154 3.8375055691657352 3.8751369161603706 3.9088177168681404 3.9368887554915362 3.9587827659221579 3.9747769410554969 3.9856890421579134 3.9925905382746221 3.9965816245479235 3.9986428419781719 3.9995566888536467 3.9998824452563881 3.9999658059810952 3.9999678794271865 3.999902513379229 3.9996749770696951 3.9991180883071014 3.99802388439611 3.9961701192333021 3.9933414995144441 3.9893458798511965 3.9840257797665251 3.9772656608481705 3.9689954570579133 3.9591909006914734 3.9478712284558091 3.9350948773762746 3.920953779902653
4.604018915546499 4.4933035945175304 4.3704073851173826 4.2403048691376464 4.1095024313571198 3.9852455175897519 3.874513491254703 3.7830698810520547 3.714793108269046 3.6713803192961625 3.6523841272296025 3.6554778526501379 3.6768558289362407 3.7117198410080303 3.7548313747524915 3.8010977909539689 3.8461214600320091 3.8866123496597877 3.9205802074350529 3.9472833888832506 3.9669845042419896 3.980608762454775 3.9894023708187816 3.994657155494588 3.9975274524568225 3.9989344001777041 3.9995370669104973 3.9997466445628871 3.9997636418370934 3.9996239280083019 3.9992449636604412 3.9984676247535957 3.9970916428514638 3.9949041787646906 3.9917018045033457 3.9873065000523962 3.9815763865721312 3.9744119390801735 3.9657584111336481 3.9556051852284857 3.9439827391291025 3.9309578855784593 3.9166278954436193
4.5547037732859668 4.4339230614722025 4.3013270910177663 4.1626939365245459 4.0251866849250515 3.8964033913944824 3.7833220797456555 3.6914309288794183 3.624224774812983 3.5830802928252137 3.5673986544638918 3.5748778894473752 3.6018294684032597 3.6435299512119186 3.6946454797597204 3.7497548702908228 3.8039324980899196 3.8532784839716401 3.8952582799164732 3.9287646550266655 3.9539144371099568 3.9716786873927283 3.9834740105805979 3.990815277661889 3.9950776336302245 3.9973695608706481 3.9984930062857167 3.9989596692204104 3.999036666738764 3.9988027280226244 3.9982036146455235 3.9971010439747356 3.995312922879962 3.9926446608169077 3.9889122788998725 3.9839584001219777 3.9776622813797506 3.9699449954618267 3.9607707745260949 3.9501454216685374 3.9381125948754705 3.9247486681687302 3.9101567755879341
4.4928450891510066 4.3606249200447982 4.217302866911635 4.0695085654641465 3.9250089598301723 3.791613908986279 3.6761191149068582 3.5835740023436546 3.5169868591644162 3.4773911025822954 3.4640974709153203 3.4749695918175867 3.5066444441598752 3.5547184938319845 3.6139884691517823 3.6788404477213517 3.7438108957563276 3.8042272472846235 3.8567452363975332 3.8996067911237833 3.9325518306657359 3.9564572744790016 3.9728594138262929 3.9835100135697585 3.9900539877401315 3.9938480240577849 3.9958957734319291 3.9968600042643505 3.9971153305945175 3.9968154890723597 3.995959643207867 3.9944500607083362 3.9921384531678625 3.9888609603926461 3.9844630098133123 3.9788157140687868 3.9718254941616311 3.9634384640649283 3.9536409042647236 3.9424569401420451 3.9299443462822978 3.9161892243100671 3.9013001485650158
4.4164195781763596 4.2715532704493269 4.1167752169194829 3.9595680821305526 3.8081819107870167 3.6704306456167903 3.5526976834262713 3.4594013573566147 3.3929414650458263 3.353964286174 3.3417239434839354 3.3543666847028728 3.3890650765738428 3.4420348154689568 3.5085506875305899 3.5831147921295408 3.6598887296127396 3.7333725529846458 3.799150421438807 3.8544363258686984 3.8982223250142036 3.9310164956119156 3.9543272989671343 3.9701055632966353 3.9802993274618044 3.9865809500211964 3.9902316512376954 3.9921357020049228 3.9928348187458651 3.9926058127301145 3.9915390869208895 3.9896069029838439 3.9867175254659153 3.9827552384711238 3.9776079912179956 3.9711849953872411 3.9634265722969602 3.9543082744610749 3.9438409596416801 3.9320681567477664 3.9190617632551801 3.9049168612303125 3.8897462316116109
4.3235299228483015 4.1651870717479422 3.9987383282139923 3.8324492873162943 3.6748497786741083 3.5334842004144469 3.4140576612043443 3.3201521695673568 3.253428416938553 3.2140786018794092 3.2012871629429616 3.2135342072854458 3.2486762328995109 3.303830460980846 3.3751709840694093 3.4578120742693392 3.5459723469348519 3.6335301316875084 3.7148855054430761 3.7858354600875503 3.844109531221922 3.8893753804976354 3.922789812989488 3.9463463519914606 3.9622707967604156 3.9726037638258842 3.9789900954925992 3.9826269438571904 3.9843058254882573 3.9844956801584592 3.9834332618019777 3.9812035924883999 3.9778039794434745 3.9731910104940185 3.9673126402889842 3.9601283550500175 3.9516203789006128 3.9417984865468196 3.930700485235143 3.9183899473263515 3.9049523612195389 3.8904905338276383 3.8751198174039057
4.2127298880158595 4.0407235246492617 3.863155789381798 3.68890699676848 3.5264946022400534 3.3828689679609503 3.2627824001027785 3.1687913087472706 3.1017008876063086 3.0611719151040271 3.0462559805008294 3.0557231351367893 3.0881321958916454 3.1416556985015274 3.2137283531377028 3.3006605252791856 3.3974350898748864 3.497922215871601 3.5956165180068931 3.6847242688496333 3.7611735779317277 3.8231159425906283 3.8707682903474621 3.9057842208727398 3.9304954002363108 3.9472925218102288 3.9582518100293962 3.9649850705292198 3.9686384659330494 3.969966289133275 3.9694283398669801 3.9672825470748032 3.9636608257044479 3.9586255498980933 3.9522084939160282 3.9444356863416274 3.9353417697842872 3.9249769925258238 3.9134093129865462 3.900723471563778 3.8870183537345571 3.8724035506032712 3.856995709907078
4.0834520561539209 3.8985269731577934 3.71138750362267 3.5312429875836608 3.3662281538231 3.2223571973178324 3.1031876155308473 3.0101150010615076 2.9430193812682202 2.9009708777694425 2.8827984328626517 2.8874315409615186 2.9139914476026889 2.9616361913388682 3.0291820587762208 3.1145683310398504 3.2143232314342609 3.3232976295421803 3.4349551565267915 3.5423194254505384 3.6393035157702776 3.7218499517691188 3.7883848165042906 3.8395008871796708 3.8771782712225362 3.9039550399413279 3.9223143844838964 3.9343548953128358 3.9416866060980658 3.9454611581871024 3.9464601773111898 3.9451948388339937 3.9419936929686918 3.9370709563085997 3.93057526919059 3.9226221108287564 3.9133138230386453 3.9027508604245162 3.8910371785747664 3.8782819316088464 3.8645990121770386 3.8501054671831159 3.8349194540908038
3.9364714951637287 3.7405393872914305 3.546493518943155 3.3634705849230286 3.1988094005828493 3.057278515769744 2.9410779327968188 2.8503978114131767 2.784200803762495 2.7409592094007982 2.7192071151917117 2.717870029660828 2.7363807096913138 2.7745915733064104 2.8324787157354425 2.9096333072575025 3.0045888774478668 3.1141574731640462 3.2330992863983963 3.3544816575747167 3.4708294147039238 3.5756857735204646 3.6648717050731365 3.7369002330393633 3.79253546649855 3.8339089936089188 3.8636522547067931 3.8842964547168677 3.8979726778562038 3.9063318549383572 3.9105858475443007 3.9115959123439503 3.9099663099117392 3.906124198973465 3.9003805202475768 3.8929730253297441 3.8840949339544415 3.8739130015534791 3.8625782528479804 3.8502318907441277 3.8370081863771128 3.8230355858939129 3.8084368436653064
3.7742736724247137 3.5704933042591764 3.3732489136303578 3.1911229729050303 3.0302633034433395 2.8939736137026819 2.7830514085845066 2.6965476498961465 2.6326063983753056 2.5891677579741672 2.5644571362175439 2.5572710020737035 2.5670969162530053 2.5940926082899938 2.6389168694724732 2.7023747084474805 2.7848382872854378 2.8854721459671469 3.0014510875987148 3.1275553056214966 3.2565689037708019 3.3805898484507999 3.4927784382767411 3.5887178159383657 3.6668148118071042 3.7277938682217555 3.7737658530148228 3.8073501287415317 3.8310846389737585 3.8471363355476011 3.857222763452691 3.8626467910628302 3.8643748726352567 3.8631202819434982 3.859414546670251 3.8536625050179643 3.8461820306008252 3.837231427045952 3.8270277002187734 3.8157584391669879 3.8035893947040935 3.7906692539234226 3.7771326385358805
3.6011549318467289 3.3937658330732869 3.1977486090271734 3.020643956119009 2.8671060955306795 2.7388921193541682 2.6354844259676962 2.5549650906878041 2.494836230017599 2.4526377580336498 2.4263429641233247 2.4145769071297529 2.4167141504845868 2.4328933488786486 2.4639526324303294 2.5112508756386758 2.5763074989541952 2.6601940590183801 2.7626898282550254 2.881402890381652 3.0112910462572833 3.1450647075294373 3.2745845396943323 3.3927188665556094 3.4947692090179139 3.5788870431852358 3.6455707869731171 3.6967477126841524 3.734913591178437 3.7625514125794832 3.7818366692762555 3.7945439439340003 3.8020633166451332 3.8054619033413113 3.8055543064310542 3.8029656129068576 3.7981817561242903 3.7915873431680254 3.7834930286067672 3.7741548926340824 3.7637880054932467 3.7525758965481852 3.7406771955725051
3.4229175760152568 3.2168026071322244 3.026618887187742 2.8584668952252135 2.7153602178895575 2.5975828164613448 2.5035050340385432 2.4304813876900848 2.3755909790552634 2.3361410605018658 2.3099581869247481 2.2955315549331563 2.2920719369075035 2.2995291505460362 2.3185828384237803 2.3505883299325507 2.3974224129480137 2.461141952685165 2.5433707194444084 2.6444181339535824 2.7623428671072592 2.8924254077664999 3.0275549517405458 3.1596343624438528 3.2814431077764672 3.3880668673097323 3.477342385096684 3.5494154149107859 3.6058927990866265 3.6490312935916336 3.6811725441233358 3.7044384121714389 3.7206147973895467 3.731143445899626 3.7371629475039123 3.7395645338198289 3.7390459163538443 3.736156742317005 3.7313344450950248 3.724931469046977 3.7172355211445383 3.7084844909695396 3.6988774209585213
3.2461509675660891 3.046209587510794 2.8660299252357064 2.7100448295050419 2.5796617578644403 2.4739000233369115 2.3902936438584028 2.3257350856333097 2.2770989882612831 2.2416245142176345 2.2171084334617452 2.2019800022343929 2.195318845031613 2.1968572555571342 2.2069865782231757 2.2267637656752237 2.2578856179375832 2.302563671498342 2.3632025538533141 2.4417916045813444 2.5390175844747644 2.6533243775010114 2.7803892731756465 2.9134992544825202 3.0448970276033394 3.1675444204708052 3.2764782364428582 3.3692682873875497 3.4456680291108128 3.5068797268658169 3.5548245169173991 3.5916108364635053 3.6192265643304427 3.6394015037375569 3.6535738709588848 3.6629093905245811 3.6683410034250907 3.6706121912788565 3.6703162825840501 3.6679291912179788 3.6638354651831344 3.6583484958732462 3.6517259922578909
3.0772681044725769 2.887771088942042 2.7208118675813773 2.5791344372874985 2.4627342383685416 2.3696588156210776 2.296900923888423 2.2411368822478548 2.1992213890913459 2.1684583355380975 2.1467125078646854 2.1324306045205477 2.1246255357648902 2.1228599621837279 2.1272485433100372 2.1384825505283551 2.1578615852823373 2.1872912373727877 2.2291731835255284 2.286088880935492 2.3601949677256422 2.4523576672672935 2.5612676034267174 2.6829841989650816 2.8113253826058635 2.939113147095036 3.059754915114151 3.1684524259906586 3.2626388530942445 3.3417239220260821 3.4064922613063531 3.4584784538379179 3.4994889232655959 3.5313049225483439 3.5555321338095656 3.5735460672385417 3.5864906929434976 3.5953018639840471 3.600739100656102 3.6034173921777235 3.6038354253324059 3.6023991634892001 3.599440887696594
2.921588147853369 2.7456964388872027 2.5939356818165433 2.467523109067876 2.3653376618762914 2.2847715046776065 2.2225445056989726 2.1753144918169922 2.1400500851048623 2.1142091199674482 2.0957892693972897 2.0833116890587879 2.0757826564734096 2.0726625293832721 2.0738587965029627 2.0797493565334007 2.0912302546610486 2.1097651136134612 2.1373889822025709 2.1765907430639535 2.2299824712806346 2.2996964815397711 2.3865697876440453 2.4893701024877783 2.6044653371836524 2.7262500312216433 2.8482685696315673 2.964566533294434 3.0707043404371963 3.1641383376842152 3.2440417264513663 3.3108331153033768 3.365665414867677 3.4100157643511833 3.4454140427633626 3.4732911048295803 3.4949105981688788 3.511351179155751 3.5235152547465036 3.5321493431145941 3.5378677077586551 3.5411750905792134 3.542486776055739
2.7827346890785409 2.622290544942866 2.4864541338570878 2.3751970759248766 2.2866098529048164 2.217718381518393 2.1651834884879659 2.1257835318920031 2.0966834844668014 2.0755430496708529 2.0605254848754071 2.0502584880838022 2.0437833867553321 2.0405157381520129 2.0402307992046129 2.043079924637599 2.0496363520243537 2.0609580686058862 2.0786388925957646 2.104796393437609 2.1419236452179278 2.1925303941465302 2.2585488996232512 2.3406010842212241 2.4373811176441347 2.5454830917386788 2.6598700275849971 2.7748621752142637 2.8852430699162586 2.9870620650190065 3.0779376882188507 3.1569296360715611 3.2241793830646794 3.2805071872023133 3.3270750028989311 3.3651506604399897 3.3959652440710335 3.420639650051247 3.4401559068848253 3.4553543442041397 3.4669439233332602 3.4755180314716494 3.4815714637867754
2.6624709634036665 2.5180585578854275 2.3978170841376918 2.3007978405729621 2.224607327377023 2.1661374589275839 2.1221408817825185 2.0896007364334226 2.0659182803574789 2.0489713479356468 2.0370972572170793 2.0290421890279928 2.0239057176101314 2.0210984297972914 2.0203230693069307 2.0215842648855347 2.0252268089341978 2.0319955075555498 2.043098740041601 2.060242032580597 2.0855796370156283 2.1215210169528196 2.170344394255153 2.2336325692386811 2.3116570863420876 2.4029439215873407 2.504260968188337 2.6111137847380341 2.7185904106621224 2.8222313160149808 2.9186323458759951 3.0056658647436572 3.0823832458977098 3.1487441508764418 3.2053067310198191 3.2529596707504886 3.2927258874900192 3.3256360691340485 3.3526569681072389 3.3746573363887604 3.3923972571100274 3.4065306711512351 3.4176144687762116
2.5609166802561156 2.4321063465209276 2.3263772703892371 2.2421697046675115 2.1768548270855255 2.1273573396118453 2.0906151455910327 2.0638570663619276 2.0447304147815659 2.0313268006888778 2.0221509850085528 2.0160665650446918 2.012241041348795 2.0101041580535646 2.0093275144235063 2.0098293668217688 2.0118049142644274 2.0157776729293402 2.0226602987336566 2.0338024316528895 2.0509896300330421 2.0763460836336614 2.1120954641882341 2.1601642125986604 2.2216784445179072 2.29649226370532 2.3829382362923015 2.4779480111920975 2.5775448732851887 2.6775415410908212 2.7741989473185114 2.8646578853290916 2.9470865119208223 3.0206002923002049 3.0850581480446171 3.1408278406774208 3.1885779738273907 3.2291198171660049 3.263300086039588 3.2919356019459656 3.3157782670813374 3.3355000470115663 3.3516901284014802
