Texto Raster/interpolacion2texto.txt
north: 11
south: 10
east: -84
west: -85
rows: 100
cols: 100
[rows 28 to 55 of 100, columns 0 to 62 of 100]
4.366335 4.376468 4.386374 4.395977 4.405197 4.413943 4.422119 4.42962 4.436337 4.442153 4.446944 4.450585 4.452943 4.453887 4.45328 4.450988 4.446877 4.440817 4.432681 4.422349 4.40971 4.394661 4.37711 4.356978 4.334201 4.308727 4.280522 4.249569 4.215869 4.179439 4.140316 4.098554 4.054224 4.007419 3.958242 3.906818 3.853285 3.797794 3.740511 3.681612 3.621285 3.559725 3.497137 3.433731 3.369721 3.305327 3.240769 3.176269 3.112049 3.048329 2.985326 2.923254 2.862325 2.802741 2.744702 2.688399 2.634016 2.581731 2.531711 2.484116 2.439096 2.396793 2.357337
4.391996 4.403222 4.414256 4.425021 4.435433 4.445399 4.45482 4.463588 4.471588 4.478699 4.484794 4.489741 4.493403 4.495641 4.496316 4.495285 4.49241 4.487556 4.480589 4.471387 4.459833 4.44582 4.429256 4.410058 4.38816 4.363513 4.336082 4.305853 4.272828 4.237031 4.198502 4.1573 4.113507 4.067219 4.018549 3.967631 3.91461 3.859647 3.802915 3.744601 3.684898 3.624011 3.562149 3.499527 3.436365 3.372883 3.309304 3.245848 3.182735 3.120183 3.058401 2.997598 2.937975 2.879726 2.823038 2.768091 2.715054 2.664091 2.615356 2.568992 2.525136 2.483914 2.445445
4.417321 4.429642 4.441807 4.453737 4.465346 4.476538 4.487211 4.497252 4.506544 4.51496 4.522369 4.528633 4.533611 4.537157 4.539126 4.539371 4.537746 4.534112 4.528331 4.520274 4.50982 4.496861 4.4813 4.463053 4.442053 4.418251 4.391613 4.362126 4.329799 4.294655 4.256743 4.216129 4.172898 4.127156 4.079025 4.028646 3.976173 3.921777 3.865641 3.807957 3.748929 3.688766 3.627686 3.565908 3.503655 3.44115 3.378617 3.316274 3.254339 3.193023 3.132533 3.073067 3.014817 2.957966 2.90269 2.849153 2.797513 2.747916 2.700501 2.655398 2.612726 2.572599 2.53512
4.44223 4.455643 4.468937 4.482031 4.494836 4.507255 4.519179 4.530497 4.541083 4.550808 4.559535 4.567122 4.573421 4.578281 4.581551 4.583079 4.582713 4.580308 4.575721 4.568819 4.559476 4.547581 4.533034 4.515749 4.495659 4.472713 4.446882 4.418153 4.386538 4.352065 4.314788 4.27478 4.232133 4.186961 4.139395 4.089584 4.037692 3.983898 3.928394 3.871382 3.813072 3.753682 3.693434 3.632553 3.571265 3.509796 3.448368 3.3872 3.326505 3.26649 3.207354 3.149287 3.09247 3.037075 2.983263 2.931186 2.880985 2.832792 2.786729 2.74291 2.701439 2.662413 2.625924
4.466642 4.48114 4.495555 4.509806 4.523801 4.53744 4.550612 4.563201 4.575078 4.586109 4.596152 4.605059 4.612678 4.618852 4.623424 4.626235 4.62713 4.625955 4.622564 4.616819 4.608592 4.597764 4.584235 4.567918 4.548744 4.526663 4.501645 4.473682 4.442789 4.408998 4.37237 4.332982 4.290936 4.246352 4.199372 4.150152 4.098866 4.045704 3.990864 3.934558 3.877005 3.818428 3.759057 3.69912 3.638847 3.578465 3.518197 3.458258 3.39886 3.340201 3.282474 3.22586 3.170529 3.116639 3.064338 3.013763 2.965039 2.918281 2.873595 2.831078 2.790819 2.752899 2.717396
4.490474 4.506043 4.521567 4.536963 4.552135 4.566982 4.581391 4.59524 4.608397 4.620724 4.632073 4.642292 4.651223 4.658703 4.664569 4.668658 4.670806 4.670857 4.668658 4.664066 4.65695 4.647187 4.634674 4.619323 4.601064 4.579847 4.555645 4.528451 4.498282 4.465179 4.429206 4.390448 4.349013 4.305031 4.258651 4.21004 4.159381 4.106873 4.052723 3.997153 3.940388 3.882659 3.824202 3.765249 3.706033 3.646783 3.58772 3.529059 3.471004 3.413751 3.357481 3.302367 3.248567 3.196225 3.145474 3.096437 3.04922 3.003922 2.960633 2.919431 2.880391 2.843577 2.809052
4.513642 4.530264 4.546878 4.563399 4.579731 4.595768 4.611395 4.626486 4.640907 4.654512 4.667151 4.678666 4.688892 4.697663 4.704809 4.71016 4.713549 4.714811 4.713792 4.710342 4.704324 4.695616 4.684111 4.669717 4.652365 4.632007 4.608614 4.582185 4.55274 4.520323 4.485005 4.446879 4.40606 4.362687 4.316916 4.268926 4.218908 4.16707 4.113631 4.058818 4.002865 3.946012 3.888499 3.830563 3.772439 3.714357 3.656538 3.599193 3.542523 3.486715 3.431943 3.378368 3.326135 3.275375 3.226207 3.178735 3.133049 3.089232 3.047354 3.007476 2.969657 2.933946 2.900392
4.53606 4.55371 4.57139 4.589012 4.606478 4.623681 4.640501 4.65681 4.672469 4.687328 4.701232 4.714018 4.725517 4.735555 4.743958 4.750549 4.755156 4.75761 4.757749 4.755421 4.750484 4.742813 4.732297 4.718845 4.702387 4.682873 4.660278 4.634603 4.605872 4.574134 4.539466 4.501968 4.461764 4.418999 4.373841 4.326476 4.277107 4.225949 4.173232 4.119191 4.064069 4.008112 3.951565 3.89467 3.837665 3.78078 3.724235 3.668237 3.612983 3.558652 3.505409 3.453403 3.402766 3.353616 3.306055 3.260169 3.216033 3.173709 3.13325 3.094702 3.058103 3.023489 2.990895
4.557644 4.576292 4.595006 4.613698 4.632267 4.650604 4.668586 4.68608 4.702944 4.719025 4.734163 4.748188 4.760927 4.772201 4.781828 4.789629 4.795425 4.799041 4.80031 4.799076 4.795194 4.788533 4.778983 4.766449 4.750861 4.732171 4.710355 4.685416 4.657383 4.62631 4.59228 4.5554 4.515801 4.473638 4.429089 4.382347 4.333627 4.283153 4.231163 4.177902 4.123621 4.068571 4.013004 3.957167 3.901299 3.84563 3.79038 3.735752 3.681936 3.629105 3.577413 3.526998 3.477979 3.430458 3.384519 3.340234 3.297658 3.256836 3.217801 3.180582 3.1452 3.111677 3.080032
4.578309 4.597919 4.617631 4.637355 4.656989 4.67642 4.695524 4.714164 4.732193 4.749456 4.765786 4.781011 4.79495 4.807419 4.818233 4.827204 4.834149 4.838889 4.841251 4.841075 4.838212 4.832529 4.823911 4.812264 4.797517 4.779623 4.758559 4.734331 4.706973 4.676544 4.643132 4.606852 4.567843 4.52627 4.482317 4.436191 4.388112 4.338316 4.287051 4.234571 4.181132 4.126994 4.072413 4.017642 3.962919 3.908478 3.854534 3.801288 3.748924 3.697605 3.647478 3.598667 3.551277 3.505395 3.46109 3.418412 3.377401 3.338082 3.300472 3.264578 3.230409 3.197967 3.167261
4.597969 4.618499 4.639167 4.659879 4.680533 4.701014 4.721192 4.740931 4.760078 4.778474 4.795949 4.812323 4.827413 4.84103 4.852981 4.863075 4.871123 4.87694 4.88035 4.881187 4.879299 4.874551 4.866825 4.856026 4.842083 4.824947 4.804602 4.781053 4.754339 4.724525 4.691705 4.656001 4.61756 4.576555 4.533181 4.487653 4.440202 4.391073 4.340522 4.288813 4.23621 4.182979 4.129382 4.075674 4.022098 3.968884 3.916249 3.864388 3.813478 3.763677 3.715119 3.667915 3.622158 3.577917 3.535245 3.494176 3.454729 3.416911 3.380719 3.346147 3.313181 3.281814 3.252037
4.616544 4.637947 4.65952 4.681171 4.702793 4.724269 4.74547 4.766252 4.786462 4.805934 4.824496 4.841964 4.858148 4.872855 4.885886 4.897047 4.906141 4.91298 4.917383 4.919181 4.918217 4.914352 4.90747 4.897471 4.884285 4.867866 4.848197 4.825287 4.79918 4.769945 4.737682 4.702522 4.664619 4.624156 4.581334 4.53638 4.489535 4.441052 4.391198 4.340243 4.288461 4.236123 4.183497 4.130841 4.078401 4.026407 3.975073 3.92459 3.875129 3.826839 3.779843 3.734241 3.690111 3.647506 3.606462 3.566994 3.529103 3.492778 3.457999 3.424738 3.392969 3.362667 3.333813
4.633954 4.656176 4.6786 4.701132 4.723664 4.746077 4.768238 4.790001 4.811209 4.831695 4.851279 4.869775 4.886987 4.902718 4.916765 4.928926 4.939002 4.946799 4.952133 4.954829 4.954728 4.951689 4.945592 4.936339 4.923857 4.908103 4.889059 4.866741 4.841195 4.812496 4.78075 4.746095 4.708693 4.668735 4.626433 4.582022 4.535752 4.487887 4.438703 4.388476 4.337491 4.286024 4.234347 4.182723 4.131399 4.080606 4.030554 3.981432 3.933404 3.886609 3.84116 3.797145 3.754626 3.713643 3.674212 3.636333 3.599986 3.565142 3.531763 3.499804 3.469224 3.439982 3.412047
4.650122 4.673104 4.696318 4.719668 4.743045 4.766327 4.78938 4.812055 4.834192 4.855618 4.876152 4.895602 4.913769 4.930449 4.945437 4.958525 4.96951 4.978193 4.984385 4.987909 4.988603 4.986323 4.980946 4.972374 4.960535 4.945385 4.926911 4.90513 4.880093 4.851879 4.820601 4.786404 4.749458 4.709963 4.668139 4.624232 4.578499 4.531216 4.482665 4.433134 4.382911 4.332283 4.281524 4.230902 4.180664 4.131043 4.082245 4.034456 3.987833 3.942507 3.89858 3.856127 3.815197 3.775813 3.737975 3.701663 3.666843 3.633465 3.601472 3.570806 3.541407 3.513221 3.486206
4.664977 4.688654 4.712591 4.73669 4.76084 4.784919 4.808789 4.832299 4.855285 4.877573 4.898975 4.919298 4.938337 4.955885 4.971731 4.985664 4.997476 5.006964 5.013935 5.018209 5.01962 5.018023 5.013293 5.005332 4.994066 4.979455 4.961485 4.940178 4.915588 4.887801 4.856936 4.823143 4.786602 4.747519 4.706125 4.662673 4.617432 4.570685 4.522724 4.473845 4.424343 4.374511 4.324629 4.274968 4.225777 4.177288 4.129706 4.083212 4.037957 3.994063 3.951623 3.910699 3.871325 3.833509 3.797236 3.762467 3.72915 3.697218 3.666598 3.637213 3.608989 3.58186 3.555773
4.678448 4.702752 4.727339 4.752112 4.776959 4.801755 4.82636 4.850621 4.874372 4.897434 4.919617 4.940722 4.960545 4.97887 4.995484 5.010171 5.02272 5.032925 5.040587 5.045524 5.047568 5.046571 5.042407 5.034976 5.024208 5.010059 4.992522 4.97162 4.947411 4.919985 4.889469 4.856019 4.819822 4.781094 4.740074 4.697022 4.652219 4.605955 4.558531 4.510251 4.461419 4.412332 4.363276 4.314525 4.26633 4.218924 4.172508 4.127261 4.083326 4.040819 3.99982 3.960382 3.922524 3.886239 3.851496 3.818239 3.786399 3.755892 3.726628 3.698514 3.671463 3.645396 3.620248
4.690475 4.71533 4.74049 4.765857 4.791318 4.816746 4.841998 4.86692 4.891343 4.915085 4.937954 4.959747 4.980254 4.999259 5.016543 5.031888 5.045076 5.0559 5.064158 5.069664 5.072248 5.07176 5.068073 5.061087 5.050731 5.036965 5.019781 4.999206 4.975303 4.948167 4.91793 4.884754 4.848835 4.810396 4.769685 4.726972 4.682543 4.636701 4.589753 4.542012 4.493788 4.445385 4.397095 4.349194 4.301935 4.25555 4.210242 4.166182 4.12351 4.082333 4.042723 4.004718 3.968328 3.933529 3.900275 3.868494 3.838101 3.808995 3.78107 3.75422 3.728343 3.703348 3.679163
4.701 4.726327 4.751978 4.777854 4.803841 4.829809 4.855615 4.881102 4.906099 4.930422 4.953874 4.976251 4.997339 5.016919 5.034768 5.050664 5.064388 5.075727 5.084478 5.090452 5.093476 5.0934 5.090095 5.08346 5.073426 5.059953 5.043036 5.022706 4.999027 4.972101 4.942066 4.90909 4.873375 4.835153 4.79468 4.752233 4.70811 4.66262 4.616078 4.568806 4.521122 4.473333 4.425738 4.378615 4.332222 4.28679 4.242519 4.199578 4.158102 4.118189 4.079903 4.043272 4.008293 3.974929 3.943117 3.912774 3.883795 3.856066 3.829465 3.803873 3.779175 3.75527 3.732078
4.709973 4.73569 4.761745 4.78804 4.814459 4.840871 4.867133 4.893084 4.918551 4.943348 4.967277 4.990129 5.011687 5.03173 5.050033 5.066369 5.080517 5.092261 5.101396 5.10773 5.111088 5.111319 5.108294 5.101911 5.092101 5.078826 5.062084 5.041908 5.018366 4.991565 4.961648 4.928789 4.893198 4.855114 4.8148 4.772543 4.728648 4.683432 4.637219 4.590338 4.543113 4.49586 4.448881 4.402457 4.35685 4.31229 4.268976 4.227076 4.186718 4.147995 4.110963 4.075639 4.042007 4.010019 3.9796 3.95065 3.923051 3.896674 3.871384 3.847048 3.823541 3.800753 3.778594
4.717351 4.74337 4.76974 4.79636 4.823114 4.849871 4.876484 4.902793 4.928621 4.953782 4.978073 5.001285 5.023198 5.043588 5.062227 5.078887 5.093342 5.105374 5.114778 5.121357 5.124938 5.125366 5.122511 5.116275 5.106586 5.09341 5.076744 5.056626 5.033128 5.006361 4.976471 4.943643 4.90809 4.870057 4.829817 4.787665 4.743913 4.698885 4.652916 4.60634 4.559488 4.512683 4.46623 4.420418 4.375506 4.331729 4.289285 4.248338 4.209013 4.171397 4.135538 4.101445 4.069091 4.038418 4.009336 3.981734 3.955479 3.93043 3.90644 3.883364 3.861067 3.839429 3.818357
4.723098 4.74933 4.775921 4.802769 4.829758 4.856755 4.883613 4.910169 4.936245 4.961653 4.98619 5.009643 5.03179 5.052405 5.071258 5.088118 5.102758 5.114958 5.124509 5.131216 5.134901 5.13541 5.132615 5.126414 5.116738 5.103554 5.086862 5.0667 5.043147 5.016316 4.986361 4.953468 4.91786 4.879788 4.839531 4.797392 4.753691 4.708761 4.662942 4.616577 4.570004 4.52355 4.477528 4.432228 4.387915 4.344822 4.30315 4.26306 4.224674 4.188075 4.153303 4.120359 4.08921 4.059783 4.031981 4.005679 3.980733 3.956991 3.934294 3.912486 3.891424 3.870982 3.851061
4.727187 4.753539 4.780255 4.807232 4.834352 4.861483 4.888474 4.915163 4.941372 4.966908 4.991569 5.015139 5.037396 5.058111 5.077051 5.093985 5.108683 5.120925 5.130499 5.137209 5.140878 5.141349 5.138495 5.132214 5.122438 5.109136 5.092309 5.072 5.048288 5.021293 4.991171 4.958116 4.922355 4.884146 4.843775 4.801553 4.757805 4.712874 4.667106 4.620852 4.574454 4.528249 4.482552 4.437659 4.393838 4.351325 4.31032 4.270983 4.233435 4.197754 4.163977 4.132097 4.102072 4.073822 4.047239 4.022189 3.998518 3.976063 3.954655 3.934131 3.91434 3.895149 3.876456
4.729598 4.755978 4.782721 4.809725 4.83687 4.864024 4.891037 4.917743 4.943964 4.969508 4.994168 5.017729 5.039968 5.060653 5.079551 5.096429 5.111056 5.12321 5.13268 5.139267 5.142794 5.143104 5.140069 5.13359 5.123599 5.110065 5.092991 5.072425 5.048448 5.021182 4.99079 4.957469 4.921453 4.883006 4.84242 4.800012 4.756115 4.711078 4.665255 4.619004 4.572674 4.526607 4.481124 4.436526 4.393085 4.351038 4.310587 4.271894 4.235076 4.200211 4.167329 4.136421 4.107438 4.080292 4.054868 4.031022 4.008594 3.98741 3.967294 3.948077 3.9296 3.911728 3.894354
4.730322 4.756634 4.783305 4.810232 4.837296 4.864363 4.891282 4.917888 4.944001 4.969427 4.993961 5.017385 5.039476 5.06 5.078725 5.095415 5.109839 5.121775 5.131009 5.137343 5.140601 5.140625 5.137287 5.130487 5.120162 5.106278 5.088845 5.067909 5.043556 5.015912 4.985142 4.95145 4.915073 4.876282 4.835374 4.792673 4.748519 4.703268 4.657279 4.610919 4.564542 4.518497 4.473111 4.428689 4.385508 4.343809 4.303794 4.265628 4.229429 4.195271 4.163183 4.133153 4.105126 4.07901 4.054684 4.031996 4.01078 3.990856 3.972043 3.954163 3.937055 3.92058 3.90463
4.729357 4.755506 4.782006 4.808753 4.835628 4.862495 4.889205 4.915592 4.941475 4.96666 4.99094 5.014099 5.03591 5.056142 5.07456 5.090929 5.105017 5.116601 5.125468 5.13142 5.134279 5.13389 5.130123 5.122881 5.1121 5.09775 5.079841 5.058421 5.033579 5.005446 4.974189 4.940017 4.903171 4.863926 4.822588 4.779484 4.734962 4.689383 4.643115 4.596527 4.549985 4.503841 4.45843 4.414062 4.371016 4.32954 4.28984 4.25208 4.216383 4.18282 4.151422 4.122173 4.095016 4.069856 4.046566 4.024993 4.004964 3.986294 3.968798 3.952295 3.93662 3.921633 3.907226
4.726712 4.752602 4.778831 4.805295 4.831872 4.85843 4.884816 4.910865 4.936397 4.961215 4.985116 5.007879 5.029281 5.049088 5.067067 5.082981 5.0966 5.1077 5.116067 5.121506 5.123838 5.122908 5.118587 5.11078 5.099422 5.084486 5.065984 5.043965 5.018523 4.989788 4.957933 4.923169 4.885744 4.845936 4.804056 4.760437 4.715432 4.669409 4.622743 4.575809 4.52898 4.482613 4.43705 4.392607 4.34957 4.30819 4.268678 4.231202 4.195886 4.162805 4.131989 4.103424 4.077051 4.052773 4.030463 4.009964 3.9911 3.973684 3.957529 3.942451 3.928285 3.91489 3.902156
4.722403 4.747941 4.7738 4.799878 4.826052 4.852189 4.878138 4.903732 4.928791 4.953121 4.976514 4.998755 5.019618 5.03887 5.056277 5.071605 5.084622 5.095106 5.102844 5.10764 5.109316 5.107718 5.102719 5.094224 5.082169 5.066529 5.047317 5.024585 4.998427 4.968978 4.936415 4.900949 4.862833 4.822351 4.779816 4.735568 4.689965 4.643381 4.596197 4.548795 4.501553 4.454837 4.408994 4.364347 4.321189 4.279776 4.240324 4.203007 4.167951 4.135238 4.104898 4.076919 4.051244 4.027779 4.006393 3.986931 3.969216 3.953061 3.938278 3.924683 3.912111 3.900421 3.889507
4.716457 4.741549 4.766943 4.792534 4.818201 4.843809 4.869207 4.894231 4.9187 4.942419 4.965183 4.986775 5.006971 5.025539 5.042245 5.056857 5.069143 5.078882 5.085861 5.089886 5.09078 5.08839 5.082591 5.073286 5.060416 5.043955 5.023918 5.000359 4.973374 4.943101 4.909717 4.873439 4.834522 4.793254 4.749953 4.704962 4.658646 4.611382 4.56356 4.515567 4.467788 4.420595 4.374344 4.329363 4.285953 4.244376 4.204856 4.167572 4.132658 4.100197 4.070227 4.04274 4.017682 3.994959 3.974447 3.955991 3.939415 3.924535 3.911162 3.899116 3.888233 3.878375 3.869437
